Finding features...
Features in image #1: 1460
Features in image #2: 1466
Features in image #3: 1369
Features in image #4: 1463
Features in image #5: 1466
Features in image #6: 1426
Features in image #7: 1527
Features in image #8: 1530
Features in image #9: 1512
Features in image #10: 1511
Features in image #11: 1524
Features in image #12: 1493
Features in image #13: 1528
Features in image #14: 1514
Features in image #15: 1530
Features in image #16: 1461
Features in image #17: 1506
Features in image #18: 1464
Finding features, time: 0.668382 sec
Pairwise matchingPairwise matching, time: 2.83603 sec
Initial camera intrinsics #1:
K:
[501.4966306562616, 0, 447.5;
 0, 501.4966306562616, 335;
 0, 0, 1]
R:
[1.0528213, -0.17343226, 4.231792;
 -0.069826476, 1.0373015, 1.0579702;
 -0.041694794, -0.045248605, 0.9048273]
Initial camera intrinsics #2:
K:
[501.4966306562616, 0, 447.5;
 0, 501.4966306562616, 335;
 0, 0, 1]
R:
[1.1152017, -0.17232497, 2.6749222;
 -0.048547391, 1.0183293, 1.1151264;
 -0.020816375, -0.048194993, 0.93442792]
Initial camera intrinsics #3:
K:
[501.4966306562616, 0, 447.5;
 0, 501.4966306562616, 335;
 0, 0, 1]
R:
[1.1311847, -0.16047896, 1.0340849;
 -0.022721864, 1.0067393, 1.1921215;
 -0.0031017612, -0.045781113, 0.93689889]
Initial camera intrinsics #4:
K:
[501.4966306562616, 0, 447.5;
 0, 501.4966306562616, 335;
 0, 0, 1]
R:
[1.1119951, -0.15168554, -0.51167208;
 0.015310071, 0.98506272, 1.1524112;
 0.030499661, -0.041887727, 0.89520639]
Initial camera intrinsics #5:
K:
[501.4966306562616, 0, 447.5;
 0, 501.4966306562616, 335;
 0, 0, 1]
R:
[1.0796661, -0.1387853, -1.9933765;
 0.028101668, 0.97229069, 1.1195621;
 0.04494267, -0.041223027, 0.83332062]
Initial camera intrinsics #6:
K:
[501.4966306562616, 0, 447.5;
 0, 501.4966306562616, 335;
 0, 0, 1]
R:
[0.94351327, 0.011954171, -2.7541604;
 0.06742914, 0.96846789, 1.0141249;
 0.027104516, -0.031534676, 0.92344594]
Initial camera intrinsics #7:
K:
[501.4966306562616, 0, 447.5;
 0, 501.4966306562616, 335;
 0, 0, 1]
R:
[1.0012637, 0.0091446387, 4.2027187;
 0.0033863257, 1.0134666, -0.046773303;
 -0.043145277, 0.017744843, 0.88630873]
Initial camera intrinsics #8:
K:
[501.4966306562616, 0, 447.5;
 0, 501.4966306562616, 335;
 0, 0, 1]
R:
[0.99792796, 0.016147792, 2.7590933;
 -0.0051908158, 1.0101199, -0.015536841;
 -0.040248182, 0.017348267, 0.94495541]
Initial camera intrinsics #9:
K:
[501.4966306562616, 0, 447.5;
 0, 501.4966306562616, 335;
 0, 0, 1]
R:
[1.0057565, 0.0051554008, 1.388314;
 -0.0016550084, 1.0253458, 0.010249181;
 -0.040367, 0.00097127835, 1]
Initial camera intrinsics #10:
K:
[501.4966306562616, 0, 447.5;
 0, 501.4966306562616, 335;
 0, 0, 1]
R:
[1, 0, 0;
 0, 1, 0;
 0, 0, 1]
Initial camera intrinsics #11:
K:
[501.4966306562616, 0, 447.5;
 0, 501.4966306562616, 335;
 0, 0, 1]
R:
[0.97855496, 0.015926767, -1.4441663;
 -0.013341659, 0.9933961, 0.003468852;
 0.013191636, -0.0070894081, 0.98065084]
Initial camera intrinsics #12:
K:
[501.4966306562616, 0, 447.5;
 0, 501.4966306562616, 335;
 0, 0, 1]
R:
[0.90176433, -0.005059984, -2.6869736;
 0.0047134166, 0.97970748, 0.024240607;
 0.039904591, 0.00051226519, 0.92567497]
Initial camera intrinsics #13:
K:
[501.4966306562616, 0, 447.5;
 0, 501.4966306562616, 335;
 0, 0, 1]
R:
[0.88759297, -0.58149838, 4.0007858;
 -0.085062578, 0.69717336, -1.3246009;
 0.023060635, 0.18682396, 0.77280307]
Initial camera intrinsics #14:
K:
[501.4966306562616, 0, 447.5;
 0, 501.4966306562616, 335;
 0, 0, 1]
R:
[0.81516522, -0.65448856, 2.8286543;
 -0.048450582, 0.73482013, -1.2313622;
 0.0057289982, 0.17716134, 0.77072167]
Initial camera intrinsics #15:
K:
[501.4966306562616, 0, 447.5;
 0, 501.4966306562616, 335;
 0, 0, 1]
R:
[0.85910338, -0.63826001, 1.6037142;
 -0.080316678, 0.72117621, -1.1023839;
 0.02385674, 0.17349598, 0.74088579]
Initial camera intrinsics #16:
K:
[501.4966306562616, 0, 447.5;
 0, 501.4966306562616, 335;
 0, 0, 1]
R:
[0.84604263, -0.65368783, 0.45966613;
 -0.05931057, 0.73419547, -1.02131;
 0.018134063, 0.16889204, 0.71659601]
Initial camera intrinsics #17:
K:
[501.4966306562616, 0, 447.5;
 0, 501.4966306562616, 335;
 0, 0, 1]
R:
[0.84735966, -0.661192, -0.81516141;
 -0.048383724, 0.71073967, -0.92707425;
 0.01069418, 0.19838922, 0.70709425]
Initial camera intrinsics #18:
K:
[501.4966306562616, 0, 447.5;
 0, 501.4966306562616, 335;
 0, 0, 1]
R:
[0.83918887, -0.64060104, -2.0169852;
 -0.058330979, 0.71204519, -0.84016573;
 0.014252169, 0.19263375, 0.68771118]
Camera #1:
K:
[3375.703711447839, 0, 545.2609611720244;
 0, 3475.617611155164, 440.7751560176957;
 0, 0, 1]
R:
[0.87716597, -0.029542973, 0.47927785;
 -0.074972458, 0.97743917, 0.19746324;
 -0.47429854, -0.20914064, 0.85516137]
Camera #2:
K:
[3426.684823267846, 0, 708.5371162207246;
 0, 3500.683858574987, 476.4654826572678;
 0, 0, 1]
R:
[0.94137686, -0.023210123, 0.33655748;
 -0.053133391, 0.97497851, 0.2158559;
 -0.3331463, -0.22108421, 0.9165889]
Camera #3:
K:
[3540.785429651442, 0, 943.24413635571;
 0, 3561.744049756662, 388.0030141893929;
 0, 0, 1]
R:
[0.97929549, -0.013950808, 0.20195527;
 -0.027775321, 0.97892803, 0.20230761;
 -0.20052198, -0.20372827, 0.95827222]
Camera #4:
K:
[3736.043330234219, 0, 868.937082318285;
 0, 3654.130709980092, 382.1200449612463;
 0, 0, 1]
R:
[0.99991131, -0.009833131, -0.0089874864;
 0.011432448, 0.9797256, 0.20001766;
 0.0068384781, -0.20010266, 0.97975105]
Camera #5:
K:
[3885.373150549569, 0, 726.2951299016039;
 0, 3735.62948045582, 374.9103439741875;
 0, 0, 1]
R:
[0.97441071, -0.00083711743, -0.22477353;
 0.045222625, 0.98027539, 0.19239274;
 0.2201789, -0.1976344, 0.95522869]
Camera #6:
K:
[3737.699367621174, 0, -211.3523726458206;
 0, 3658.296303263769, 220.6236984564264;
 0, 0, 1]
R:
[0.79473525, -0.009094039, -0.60688812;
 0.10057616, 0.98803759, 0.11690159;
 0.59856516, -0.15394431, 0.786143]
Camera #7:
K:
[3391.291542096402, 0, 560.9959128028268;
 0, 3530.846187097085, 461.9141537266558;
 0, 0, 1]
R:
[0.87197804, -0.020858213, 0.48910052;
 -0.0070256516, 0.99845576, 0.05510569;
 -0.48949462, -0.051487204, 0.87048495]
Camera #8:
K:
[3470.304770864334, 0, 697.9929498762458;
 0, 3564.629035383574, 498.0252360978573;
 0, 0, 1]
R:
[0.9423871, -0.019054059, 0.33398145;
 -0.0046197586, 0.99754, 0.069946378;
 -0.33449259, -0.067459479, 0.9399808]
Camera #9:
K:
[3579.35724937587, 0, 730.2427310759062;
 0, 3621.437025705311, 357.551508904329;
 0, 0, 1]
R:
[0.98801672, 0.0045259492, 0.15428036;
 -0.0098288637, 0.99938607, 0.033626523;
 -0.15403348, -0.034739964, 0.98745465]
Camera #10:
K:
[3713.60341079438, 0, 856.9459717300499;
 0, 3667.262990480333, 234.8829655145798;
 0, 0, 1]
R:
[1, 2.3283064e-09, 7.4505806e-09;
 1.3969839e-09, 1, 0;
 7.4505806e-09, 0, 1]
Camera #11:
K:
[3876.724255804145, 0, 813.7702338617814;
 0, 3696.968385064148, 637.3765859174626;
 0, 0, 1]
R:
[0.97859454, 0.032522805, -0.20321174;
 -0.010758366, 0.99416816, 0.10730217;
 0.20551643, -0.10281909, 0.97323745]
Camera #12:
K:
[3908.15773410656, 0, 146.5785965809382;
 0, 3711.360098611759, 333.5649159020174;
 0, 0, 1]
R:
[0.85256189, -0.0012443885, -0.52262479;
 0.017741019, 0.99948972, 0.026561242;
 0.52232504, -0.031916998, 0.85214895]
Camera #13:
K:
[3400.795692819761, 0, 565.724149157747;
 0, 3544.239119942272, 309.199015399579;
 0, 0, 1]
R:
[0.87186056, 0.01366899, 0.48956341;
 0.0658096, 0.987275, -0.14476538;
 -0.48531255, 0.1584332, 0.85986662]
Camera #14:
K:
[3464.790686178162, 0, 806.1520402901466;
 0, 3568.344538628578, 363.5215915784594;
 0, 0, 1]
R:
[0.93115753, 0.0061139027, 0.36456603;
 0.045772195, 0.98998964, -0.13351169;
 -0.36173284, 0.14100739, 0.92155641]
Camera #15:
K:
[3608.358584904804, 0, 906.6392733831864;
 0, 3644.687026653743, 384.2964406824776;
 0, 0, 1]
R:
[0.97967136, 0.010690974, 0.20032412;
 0.015873924, 0.99131656, -0.1305353;
 -0.19998014, 0.13106163, 0.97099471]
Camera #16:
K:
[3793.319321941022, 0, 785.5213053977974;
 0, 3736.271121180029, 423.1484753372144;
 0, 0, 1]
R:
[0.99984074, 0.0057235598, -0.016906455;
 -0.0077380207, 0.99254853, -0.12160321;
 0.016084477, 0.12171466, 0.99243474]
Camera #17:
K:
[3856.279641569244, 0, 199.0782273730525;
 0, 3751.480201959441, 453.3135383542908;
 0, 0, 1]
R:
[0.93555963, 0.019315399, -0.35264039;
 -0.057584569, 0.99348384, -0.098355882;
 0.34844276, 0.11232443, 0.93057549]
Camera #18:
K:
[3837.708716930758, 0, 706.8111653029434;
 0, 3739.122211121142, 586.2250396626837;
 0, 0, 1]
R:
[0.91513175, 0.041020639, -0.40106276;
 -0.07020618, 0.99582493, -0.058341291;
 0.3969951, 0.081547052, 0.91419083]
Camera R after waveCorrect: 1
R:
[0.89673924, -0.022606021, 0.44198185;
 -0.06451235, 0.98134983, 0.1810825;
 -0.4378323, -0.19089703, 0.87855643]
Camera R after waveCorrect: 2
R:
[0.95482969, -0.01576476, 0.2967352;
 -0.045392971, 0.97913355, 0.19808355;
 -0.29366612, -0.20260577, 0.93419015]
Camera R after waveCorrect: 3
R:
[0.98700815, -0.0072618397, 0.16050655;
 -0.022618318, 0.98275012, 0.18355043;
 -0.15907067, -0.18479612, 0.96981806]
Camera R after waveCorrect: 4
R:
[0.99868524, -0.0033041034, -0.051154934;
 0.012503576, 0.98348081, 0.18058093;
 0.049713247, -0.18098313, 0.98222905]
Camera R after waveCorrect: 5
R:
[0.96404421, 0.0055773668, -0.26568338;
 0.042034868, 0.98399252, 0.17318188;
 0.26239637, -0.17812298, 0.94837785]
Camera R after waveCorrect: 6
R:
[0.76828891, -0.0045503979, -0.64008707;
 0.089673117, 0.9908787, 0.1005894;
 0.63379091, -0.13468036, 0.76168919]
Camera R after waveCorrect: 7
R:
[0.89206439, -0.020692816, 0.4514344;
 0.0037155277, 0.99925321, 0.038461577;
 -0.45189315, -0.032632887, 0.89147514]
Camera R after waveCorrect: 8
R:
[0.9557969, -0.018207556, 0.29346374;
 0.0031389932, 0.99865592, 0.051736712;
 -0.29401127, -0.048528612, 0.9545694]
Camera R after waveCorrect: 9
R:
[0.99370289, 0.0039523998, 0.11197713;
 -0.0055847238, 0.9998827, 0.014267387;
 -0.11190762, -0.014802903, 0.99360847]
Camera R after waveCorrect: 10
R:
[0.99908888, -0.002051594, -0.042628456;
 0.0012087955, 0.9998036, -0.019787261;
 0.042660695, 0.019717705, 0.99889517]
Camera R after waveCorrect: 11
R:
[0.9689641, 0.03483656, -0.24473435;
 -0.013639942, 0.99604672, 0.087777764;
 0.24682474, -0.08171533, 0.96560878]
Camera R after waveCorrect: 12
R:
[0.82948279, -0.0019332317, -0.5585289;
 0.0084327236, 0.99992353, 0.0090625845;
 0.55846864, -0.012227179, 0.82943571]
Camera R after waveCorrect: 13
R:
[0.89161932, 0.0048772828, 0.45275956;
 0.076453581, 0.98396266, -0.16115956;
 -0.44628456, 0.17830808, 0.87694728]
Camera R after waveCorrect: 14
R:
[0.94563538, -0.0019336557, 0.32522324;
 0.054046486, 0.98701245, -0.15127985;
 -0.32070684, 0.16063274, 0.93345833]
Camera R after waveCorrect: 15
R:
[0.98727107, 0.0030604964, 0.15901738;
 0.021012086, 0.98854148, -0.14948085;
 -0.15765275, 0.15091941, 0.97589403]
Camera R after waveCorrect: 16
R:
[0.99825996, -0.0015064729, -0.058947541;
 -0.0068461671, 0.98995215, -0.14123733;
 0.058568023, 0.14139514, 0.98821926]
Camera R after waveCorrect: 17
R:
[0.91997176, 0.012471355, -0.39178631;
 -0.063337088, 0.99108946, -0.11717637;
 0.386834, 0.13261357, 0.91256416]
Camera R after waveCorrect: 18
R:
[0.89751869, 0.035464007, -0.43954822;
 -0.076941632, 0.99406534, -0.076903969;
 0.43421233, 0.10284231, 0.89492089]
Warping images (auxiliary)...
Camera R before warp: 1
R:
[0.89673924, -0.022606021, 0.44198185;
 -0.06451235, 0.98134983, 0.1810825;
 -0.4378323, -0.19089703, 0.87855643]
Camera R before warp: 2
R:
[0.95482969, -0.01576476, 0.2967352;
 -0.045392971, 0.97913355, 0.19808355;
 -0.29366612, -0.20260577, 0.93419015]
Camera R before warp: 3
R:
[0.98700815, -0.0072618397, 0.16050655;
 -0.022618318, 0.98275012, 0.18355043;
 -0.15907067, -0.18479612, 0.96981806]
Camera R before warp: 4
R:
[0.99868524, -0.0033041034, -0.051154934;
 0.012503576, 0.98348081, 0.18058093;
 0.049713247, -0.18098313, 0.98222905]
Camera R before warp: 5
R:
[0.96404421, 0.0055773668, -0.26568338;
 0.042034868, 0.98399252, 0.17318188;
 0.26239637, -0.17812298, 0.94837785]
Camera R before warp: 6
R:
[0.76828891, -0.0045503979, -0.64008707;
 0.089673117, 0.9908787, 0.1005894;
 0.63379091, -0.13468036, 0.76168919]
Camera R before warp: 7
R:
[0.89206439, -0.020692816, 0.4514344;
 0.0037155277, 0.99925321, 0.038461577;
 -0.45189315, -0.032632887, 0.89147514]
Camera R before warp: 8
R:
[0.9557969, -0.018207556, 0.29346374;
 0.0031389932, 0.99865592, 0.051736712;
 -0.29401127, -0.048528612, 0.9545694]
Camera R before warp: 9
R:
[0.99370289, 0.0039523998, 0.11197713;
 -0.0055847238, 0.9998827, 0.014267387;
 -0.11190762, -0.014802903, 0.99360847]
Camera R before warp: 10
R:
[0.99908888, -0.002051594, -0.042628456;
 0.0012087955, 0.9998036, -0.019787261;
 0.042660695, 0.019717705, 0.99889517]
Camera R before warp: 11
R:
[0.9689641, 0.03483656, -0.24473435;
 -0.013639942, 0.99604672, 0.087777764;
 0.24682474, -0.08171533, 0.96560878]
Camera R before warp: 12
R:
[0.82948279, -0.0019332317, -0.5585289;
 0.0084327236, 0.99992353, 0.0090625845;
 0.55846864, -0.012227179, 0.82943571]
Camera R before warp: 13
R:
[0.89161932, 0.0048772828, 0.45275956;
 0.076453581, 0.98396266, -0.16115956;
 -0.44628456, 0.17830808, 0.87694728]
Camera R before warp: 14
R:
[0.94563538, -0.0019336557, 0.32522324;
 0.054046486, 0.98701245, -0.15127985;
 -0.32070684, 0.16063274, 0.93345833]
Camera R before warp: 15
R:
[0.98727107, 0.0030604964, 0.15901738;
 0.021012086, 0.98854148, -0.14948085;
 -0.15765275, 0.15091941, 0.97589403]
Camera R before warp: 16
R:
[0.99825996, -0.0015064729, -0.058947541;
 -0.0068461671, 0.98995215, -0.14123733;
 0.058568023, 0.14139514, 0.98821926]
Camera R before warp: 17
R:
[0.91997176, 0.012471355, -0.39178631;
 -0.063337088, 0.99108946, -0.11717637;
 0.386834, 0.13261357, 0.91256416]
Camera R before warp: 18
R:
[0.89751869, 0.035464007, -0.43954822;
 -0.076941632, 0.99406534, -0.076903969;
 0.43421233, 0.10284231, 0.89492089]
Warping images, time: 0.0902273 sec
Compositing...
Compositing image #1
Camera R before warp2: 1
R:
[0.89673924, -0.022606021, 0.44198185;
 -0.06451235, 0.98134983, 0.1810825;
 -0.4378323, -0.19089703, 0.87855643]
Multi-band blender, number of bands: 7
Compositing image #2
Camera R before warp2: 2
R:
[0.95482969, -0.01576476, 0.2967352;
 -0.045392971, 0.97913355, 0.19808355;
 -0.29366612, -0.20260577, 0.93419015]
Compositing image #3
Camera R before warp2: 3
R:
[0.98700815, -0.0072618397, 0.16050655;
 -0.022618318, 0.98275012, 0.18355043;
 -0.15907067, -0.18479612, 0.96981806]
Compositing image #4
Camera R before warp2: 4
R:
[0.99868524, -0.0033041034, -0.051154934;
 0.012503576, 0.98348081, 0.18058093;
 0.049713247, -0.18098313, 0.98222905]
Compositing image #5
Camera R before warp2: 5
R:
[0.96404421, 0.0055773668, -0.26568338;
 0.042034868, 0.98399252, 0.17318188;
 0.26239637, -0.17812298, 0.94837785]
Compositing image #6
Camera R before warp2: 6
R:
[0.76828891, -0.0045503979, -0.64008707;
 0.089673117, 0.9908787, 0.1005894;
 0.63379091, -0.13468036, 0.76168919]
Compositing image #7
Camera R before warp2: 7
R:
[0.89206439, -0.020692816, 0.4514344;
 0.0037155277, 0.99925321, 0.038461577;
 -0.45189315, -0.032632887, 0.89147514]
Compositing image #8
Camera R before warp2: 8
R:
[0.9557969, -0.018207556, 0.29346374;
 0.0031389932, 0.99865592, 0.051736712;
 -0.29401127, -0.048528612, 0.9545694]
Compositing image #9
Camera R before warp2: 9
R:
[0.99370289, 0.0039523998, 0.11197713;
 -0.0055847238, 0.9998827, 0.014267387;
 -0.11190762, -0.014802903, 0.99360847]
Compositing image #10
Camera R before warp2: 10
R:
[0.99908888, -0.002051594, -0.042628456;
 0.0012087955, 0.9998036, -0.019787261;
 0.042660695, 0.019717705, 0.99889517]
Compositing image #11
Camera R before warp2: 11
R:
[0.9689641, 0.03483656, -0.24473435;
 -0.013639942, 0.99604672, 0.087777764;
 0.24682474, -0.08171533, 0.96560878]
Compositing image #12
Camera R before warp2: 12
R:
[0.82948279, -0.0019332317, -0.5585289;
 0.0084327236, 0.99992353, 0.0090625845;
 0.55846864, -0.012227179, 0.82943571]
Compositing image #13
Camera R before warp2: 13
R:
[0.89161932, 0.0048772828, 0.45275956;
 0.076453581, 0.98396266, -0.16115956;
 -0.44628456, 0.17830808, 0.87694728]
Compositing image #14
Camera R before warp2: 14
R:
[0.94563538, -0.0019336557, 0.32522324;
 0.054046486, 0.98701245, -0.15127985;
 -0.32070684, 0.16063274, 0.93345833]
Compositing image #15
Camera R before warp2: 15
R:
[0.98727107, 0.0030604964, 0.15901738;
 0.021012086, 0.98854148, -0.14948085;
 -0.15765275, 0.15091941, 0.97589403]
Compositing image #16
Camera R before warp2: 16
R:
[0.99825996, -0.0015064729, -0.058947541;
 -0.0068461671, 0.98995215, -0.14123733;
 0.058568023, 0.14139514, 0.98821926]
Compositing image #17
Camera R before warp2: 17
R:
[0.91997176, 0.012471355, -0.39178631;
 -0.063337088, 0.99108946, -0.11717637;
 0.386834, 0.13261357, 0.91256416]
Compositing image #18
Camera R before warp2: 18
R:
[0.89751869, 0.035464007, -0.43954822;
 -0.076941632, 0.99406534, -0.076903969;
 0.43421233, 0.10284231, 0.89492089]
Compositing, time: 0.886776 sec
last place: 1
R:
[0.89673924, -0.022606021, 0.44198185;
 -0.06451235, 0.98134983, 0.1810825;
 -0.4378323, -0.19089703, 0.87855643]
last place: 2
R:
[0.95482969, -0.01576476, 0.2967352;
 -0.045392971, 0.97913355, 0.19808355;
 -0.29366612, -0.20260577, 0.93419015]
last place: 3
R:
[0.98700815, -0.0072618397, 0.16050655;
 -0.022618318, 0.98275012, 0.18355043;
 -0.15907067, -0.18479612, 0.96981806]
last place: 4
R:
[0.99868524, -0.0033041034, -0.051154934;
 0.012503576, 0.98348081, 0.18058093;
 0.049713247, -0.18098313, 0.98222905]
last place: 5
R:
[0.96404421, 0.0055773668, -0.26568338;
 0.042034868, 0.98399252, 0.17318188;
 0.26239637, -0.17812298, 0.94837785]
last place: 6
R:
[0.76828891, -0.0045503979, -0.64008707;
 0.089673117, 0.9908787, 0.1005894;
 0.63379091, -0.13468036, 0.76168919]
last place: 7
R:
[0.89206439, -0.020692816, 0.4514344;
 0.0037155277, 0.99925321, 0.038461577;
 -0.45189315, -0.032632887, 0.89147514]
last place: 8
R:
[0.9557969, -0.018207556, 0.29346374;
 0.0031389932, 0.99865592, 0.051736712;
 -0.29401127, -0.048528612, 0.9545694]
last place: 9
R:
[0.99370289, 0.0039523998, 0.11197713;
 -0.0055847238, 0.9998827, 0.014267387;
 -0.11190762, -0.014802903, 0.99360847]
last place: 10
R:
[0.99908888, -0.002051594, -0.042628456;
 0.0012087955, 0.9998036, -0.019787261;
 0.042660695, 0.019717705, 0.99889517]
last place: 11
R:
[0.9689641, 0.03483656, -0.24473435;
 -0.013639942, 0.99604672, 0.087777764;
 0.24682474, -0.08171533, 0.96560878]
last place: 12
R:
[0.82948279, -0.0019332317, -0.5585289;
 0.0084327236, 0.99992353, 0.0090625845;
 0.55846864, -0.012227179, 0.82943571]
last place: 13
R:
[0.89161932, 0.0048772828, 0.45275956;
 0.076453581, 0.98396266, -0.16115956;
 -0.44628456, 0.17830808, 0.87694728]
last place: 14
R:
[0.94563538, -0.0019336557, 0.32522324;
 0.054046486, 0.98701245, -0.15127985;
 -0.32070684, 0.16063274, 0.93345833]
last place: 15
R:
[0.98727107, 0.0030604964, 0.15901738;
 0.021012086, 0.98854148, -0.14948085;
 -0.15765275, 0.15091941, 0.97589403]
last place: 16
R:
[0.99825996, -0.0015064729, -0.058947541;
 -0.0068461671, 0.98995215, -0.14123733;
 0.058568023, 0.14139514, 0.98821926]
last place: 17
R:
[0.91997176, 0.012471355, -0.39178631;
 -0.063337088, 0.99108946, -0.11717637;
 0.386834, 0.13261357, 0.91256416]
last place: 18
R:
[0.89751869, 0.035464007, -0.43954822;
 -0.076941632, 0.99406534, -0.076903969;
 0.43421233, 0.10284231, 0.89492089]
Finished, total time: 143.972 sec
