Finding features...
Features in image #1: 1460
Features in image #2: 1466
Features in image #3: 1369
Features in image #4: 1463
Features in image #5: 1466
Features in image #6: 1426
Features in image #7: 1527
Features in image #8: 1530
Features in image #9: 1512
Features in image #10: 1511
Features in image #11: 1524
Features in image #12: 1493
Features in image #13: 1528
Features in image #14: 1514
Features in image #15: 1530
Features in image #16: 1461
Features in image #17: 1506
Features in image #18: 1464
Finding features, time: 0.698 sec
Pairwise matchingPairwise matching, time: 2.62477 sec
Initial camera intrinsics #1:
K:
[396.2110471051571, 0, 447.5;
 0, 396.2110471051571, 335;
 0, 0, 1]
R:
[1.0438539, 0.38658085, 5.2869325;
 -0.055059873, 1.0293995, 1.2647282;
 0.0047225608, 0.079575643, 0.94280756]
Initial camera intrinsics #2:
K:
[396.2110471051571, 0, 447.5;
 0, 396.2110471051571, 335;
 0, 0, 1]
R:
[1.1125958, 0.37779507, 3.3095021;
 -0.031137388, 1.0081087, 1.3064212;
 0.023345558, 0.075519577, 0.90040964]
Initial camera intrinsics #3:
K:
[396.2110471051571, 0, 447.5;
 0, 396.2110471051571, 335;
 0, 0, 1]
R:
[1.121978, 0.38274151, 1.2813785;
 -0.016305447, 1.0002899, 1.3890834;
 0.03199929, 0.076617457, 0.8460409]
Initial camera intrinsics #4:
K:
[396.2110471051571, 0, 447.5;
 0, 396.2110471051571, 335;
 0, 0, 1]
R:
[1.1182607, 0.38430899, -0.67735863;
 0.00022269395, 0.99365246, 1.3716493;
 0.040703975, 0.076225713, 0.77367646]
Initial camera intrinsics #5:
K:
[396.2110471051571, 0, 447.5;
 0, 396.2110471051571, 335;
 0, 0, 1]
R:
[1.1100036, 0.3883968, -2.592253;
 0.0024300038, 0.99521941, 1.3795044;
 0.042448308, 0.078693703, 0.70122129]
Initial camera intrinsics #6:
K:
[396.2110471051571, 0, 447.5;
 0, 396.2110471051571, 335;
 0, 0, 1]
R:
[0.95015246, -0.084597304, -3.4359119;
 0.055415928, 0.95794761, 1.2569077;
 0.0039048728, 0.0073145679, 0.91788405]
Initial camera intrinsics #7:
K:
[396.2110471051571, 0, 447.5;
 0, 396.2110471051571, 335;
 0, 0, 1]
R:
[1.0823777, -0.015034438, 5.3543329;
 0.011770068, 0.9901368, -0.058394667;
 0.0021988382, 0.0071796332, 0.93330574]
Initial camera intrinsics #8:
K:
[396.2110471051571, 0, 447.5;
 0, 396.2110471051571, 335;
 0, 0, 1]
R:
[1.0349662, -0.0016745165, 3.4788342;
 -0.0079433452, 1.0010121, -0.024995532;
 -0.010112395, 0.0085657937, 0.95179307]
Initial camera intrinsics #9:
K:
[396.2110471051571, 0, 447.5;
 0, 396.2110471051571, 335;
 0, 0, 1]
R:
[1.005327, 0.0043657143, 1.75411;
 -0.0054238643, 1.0224152, 0.0098295091;
 -0.028097065, 3.7746202e-05, 1]
Initial camera intrinsics #10:
K:
[396.2110471051571, 0, 447.5;
 0, 396.2110471051571, 335;
 0, 0, 1]
R:
[1, 0, 0;
 0, 1, 0;
 0, 0, 1]
Initial camera intrinsics #11:
K:
[396.2110471051571, 0, 447.5;
 0, 396.2110471051571, 335;
 0, 0, 1]
R:
[0.97995061, 0.017277753, -1.8300827;
 -0.012948572, 0.99556291, 0.004129543;
 0.0094544068, -0.00688163, 0.98248559]
Initial camera intrinsics #12:
K:
[396.2110471051571, 0, 447.5;
 0, 396.2110471051571, 335;
 0, 0, 1]
R:
[0.8864947, -0.0044618994, -3.3788157;
 0.0041959411, 0.97644466, 0.030400481;
 0.035520352, -0.00037914532, 0.92042357]
Initial camera intrinsics #13:
K:
[396.2110471051571, 0, 447.5;
 0, 396.2110471051571, 335;
 0, 0, 1]
R:
[0.73326677, -0.54505301, 3.7581725;
 -0.1153476, 0.71709502, -1.9333661;
 0.04379848, 0.12190163, 0.98453468]
Initial camera intrinsics #14:
K:
[396.2110471051571, 0, 447.5;
 0, 396.2110471051571, 335;
 0, 0, 1]
R:
[0.64443833, -0.58749473, 2.5894692;
 -0.045913287, 0.75525528, -1.8171852;
 0.013574747, 0.1179123, 0.96592802]
Initial camera intrinsics #15:
K:
[396.2110471051571, 0, 447.5;
 0, 396.2110471051571, 335;
 0, 0, 1]
R:
[0.67225087, -0.57733881, 1.3759125;
 -0.079444572, 0.74545985, -1.6552405;
 0.029466428, 0.11421052, 0.91655225]
Initial camera intrinsics #16:
K:
[396.2110471051571, 0, 447.5;
 0, 396.2110471051571, 335;
 0, 0, 1]
R:
[0.67579317, -0.56097549, 0.20147856;
 -0.12343342, 0.72057903, -1.4433771;
 0.057741307, 0.11264653, 0.81551838]
Initial camera intrinsics #17:
K:
[396.2110471051571, 0, 447.5;
 0, 396.2110471051571, 335;
 0, 0, 1]
R:
[0.66782629, -0.55687618, -1.076761;
 -0.13074368, 0.70662028, -1.1733156;
 0.058878157, 0.12053797, 0.70844823]
Initial camera intrinsics #18:
K:
[396.2110471051571, 0, 447.5;
 0, 396.2110471051571, 335;
 0, 0, 1]
R:
[0.82555825, -0.63528931, -2.5366662;
 -0.058567706, 0.70968276, -1.0600009;
 0.014855015, 0.15044071, 0.68455225]
Camera #1:
K:
[3468.017837139977, 0, 579.3845757156911;
 0, 3270.826749604776, 357.5992884142798;
 0, 0, 1]
R:
[0.77567893, -0.05667454, 0.62857795;
 -0.068274826, 0.98257983, 0.1728451;
 -0.62742388, -0.17698836, 0.75829703]
Camera #2:
K:
[3533.553313387483, 0, 738.7976660662765;
 0, 3298.816150311137, 405.7209659286067;
 0, 0, 1]
R:
[0.8631866, -0.05553899, 0.50182116;
 -0.050062522, 0.97961771, 0.19453204;
 -0.502397, -0.19303986, 0.84281248]
Camera #3:
K:
[3645.543116416479, 0, 1034.393495767676;
 0, 3350.527081197489, 351.3099786443873;
 0, 0, 1]
R:
[0.9170869, -0.048706356, 0.39570105;
 -0.029432382, 0.98153037, 0.18902861;
 -0.39759949, -0.18500209, 0.89871514]
Camera #4:
K:
[3879.101710285145, 0, 758.2927684988611;
 0, 3450.325176797242, 361.2844308213513;
 0, 0, 1]
R:
[0.98798537, -0.045528892, 0.14768896;
 0.016663866, 0.98143363, 0.1910767;
 -0.15364642, -0.18631995, 0.97040081]
Camera #5:
K:
[3948.640079047154, 0, 404.2750098492151;
 0, 3488.281824465774, 322.9542584513751;
 0, 0, 1]
R:
[0.99266803, -0.037676912, -0.11485124;
 0.057183318, 0.98350555, 0.17160104;
 0.10649142, -0.17691045, 0.97844893]
Camera #6:
K:
[3855.405289030125, 0, 484.7396275651121;
 0, 3349.024290277511, 827.3534662315742;
 0, 0, 1]
R:
[0.96184826, -8.8863075e-05, -0.27358359;
 0.085918106, 0.94950545, 0.3017571;
 0.25974232, -0.31375039, 0.91328782]
Camera #7:
K:
[3472.514138331366, 0, 591.9012167576283;
 0, 3349.089793590101, 387.5122635871793;
 0, 0, 1]
R:
[0.76811111, -0.020206193, 0.63999772;
 0.0052894391, 0.99966806, 0.025213543;
 -0.64029473, -0.015981577, 0.76796305]
Camera #8:
K:
[3563.555474860522, 0, 739.9766765014987;
 0, 3383.927068244874, 521.4495604468027;
 0, 0, 1]
R:
[0.86210555, -0.037004013, 0.50537598;
 0.0030151606, 0.99768698, 0.067907944;
 -0.50671983, -0.057020023, 0.86022305]
Camera #9:
K:
[3692.525382586489, 0, 1075.177918439739;
 0, 3451.729267883874, 254.3842594628847;
 0, 0, 1]
R:
[0.9082092, 0.0051140403, 0.4184854;
 -0.0015978599, 0.99996042, -0.00875213;
 -0.4185136, 0.0072800741, 0.90818137]
Camera #10:
K:
[3852.090993309209, 0, 108.8977244263504;
 0, 3503.536366037303, 288.6733621275559;
 0, 0, 1]
R:
[1, 9.3132257e-10, -1.4901161e-08;
 9.3132257e-10, 1, 0;
 -1.4901161e-08, 0, 1]
Camera #11:
K:
[3848.061534623623, 0, 835.227013008589;
 0, 3452.349533959717, 630.7496461377644;
 0, 0, 1]
R:
[0.99994063, 0.010795467, -0.0015263259;
 -0.010594969, 0.99516922, 0.097600378;
 0.0025725961, -0.097578399, 0.99522454]
Camera #12:
K:
[3883.970904832441, 0, 130.4869943170523;
 0, 3469.898079107171, 329.558320715563;
 0, 0, 1]
R:
[0.93677044, -0.0083352299, -0.34984529;
 0.013610674, 0.99982768, 0.012623526;
 0.34967977, -0.016586982, 0.93672246]
Camera #13:
K:
[3476.099484286928, 0, 666.278428795928;
 0, 3345.002742268468, 279.3963378709902;
 0, 0, 1]
R:
[0.75571012, 0.047091391, 0.653211;
 0.085702389, 0.98172325, -0.16992502;
 -0.64927441, 0.18439579, 0.73786241]
Camera #14:
K:
[3561.795335163371, 0, 815.527835232941;
 0, 3391.695254375122, 371.4780541393012;
 0, 0, 1]
R:
[0.85071743, 0.032005295, 0.52464807;
 0.055816896, 0.98699981, -0.15071744;
 -0.52265137, 0.15750216, 0.83787149]
Camera #15:
K:
[3698.78874447846, 0, 950.0291937794146;
 0, 3459.206151194039, 415.1109399262346;
 0, 0, 1]
R:
[0.92235792, 0.031886589, 0.38501847;
 0.025011592, 0.98956889, -0.1418727;
 -0.38552612, 0.14048734, 0.91193908]
Camera #16:
K:
[3908.011289040386, 0, 825.5469235147276;
 0, 3548.141055370961, 333.5103987577827;
 0, 0, 1]
R:
[0.98333508, 0.030699756, 0.17919201;
 -0.00022773328, 0.9858467, -0.16764873;
 -0.18180262, 0.16481405, 0.96942466]
Camera #17:
K:
[3856.495102574243, 0, -68.59229491094111;
 0, 3522.319344764414, 463.0849705142658;
 0, 0, 1]
R:
[0.97202116, 0.0415399, -0.23119138;
 -0.069087915, 0.99126226, -0.11236571;
 0.22450361, 0.12519437, 0.96639764]
Camera #18:
K:
[3828.418315666934, 0, 618.8756092465718;
 0, 3486.321994323909, 709.4923176929276;
 0, 0, 1]
R:
[0.97009057, 0.064596966, -0.23399077;
 -0.076007158, 0.99630183, -0.040068924;
 0.2305371, 0.056655452, 0.97141284]
Warping images (auxiliary)...
Camera R before warp: 1
R:
[0.89754748, -0.012725554, 0.44073424;
 -0.073137216, 0.98143917, 0.17728028;
 -0.4348098, -0.19135155, 0.87995756]
Camera R before warp: 2
R:
[0.95447904, -0.007988058, 0.29817122;
 -0.054178588, 0.97836989, 0.19964239;
 -0.29331648, -0.20670895, 0.93340087]
Camera R before warp: 3
R:
[0.98326963, -0.0031507574, 0.18212853;
 -0.032905128, 0.98032945, 0.19460647;
 -0.1791591, -0.19734362, 0.96382463]
Camera R before warp: 4
R:
[0.99713278, 0.00024249032, -0.075671747;
 0.01473889, 0.98022103, 0.19735673;
 0.074222893, -0.19790621, 0.97740698]
Camera R before warp: 5
R:
[0.94282174, 0.0057620369, -0.3332479;
 0.056974169, 0.98234797, 0.17817606;
 0.32839206, -0.18697478, 0.92585063]
Camera R before warp: 6
R:
[0.87813377, 0.073309362, -0.47276509;
 0.08675053, 0.94740874, 0.30804402;
 0.47048438, -0.31151658, 0.82559204]
Camera R before warp: 7
R:
[0.89327043, -0.013663208, 0.449312;
 0.00034722453, 0.99955875, 0.02970545;
 -0.44951957, -0.026378991, 0.89288104]
Camera R before warp: 8
R:
[0.95453316, -0.020725735, 0.29738355;
 -0.0011296882, 0.99732167, 0.073133022;
 -0.29810271, -0.070143841, 0.95195323]
Camera R before warp: 9
R:
[0.97943068, 0.0057255076, 0.20170021;
 -0.0052014245, 0.9999817, -0.0031282054;
 -0.2017144, 0.0020147245, 0.97944248]
Camera R before warp: 10
R:
[0.97396564, 0.0023949733, -0.22668299;
 -0.00091914984, 0.99997783, 0.0066158394;
 0.22669378, -0.0062352442, 0.97394627]
Camera R before warp: 11
R:
[0.97329926, 0.035017177, -0.22685331;
 -0.01149681, 0.9944917, 0.10418387;
 0.22925197, -0.098793976, 0.96834064]
Camera R before warp: 12
R:
[0.83314842, -0.0019636818, -0.55304611;
 0.015062764, 0.99970347, 0.019142011;
 0.55284452, -0.024278544, 0.83293086]
Camera R before warp: 13
R:
[0.88342047, 0.0064172111, 0.46853727;
 0.080710381, 0.98287815, -0.16564007;
 -0.46157795, 0.18414564, 0.86777675]
Camera R before warp: 14
R:
[0.94717938, -0.0021671653, 0.32069701;
 0.051575944, 0.9879905, -0.14565311;
 -0.31652999, 0.15449986, 0.93591607]
Camera R before warp: 15
R:
[0.98579705, 0.0015803427, 0.16793391;
 0.02161267, 0.99044704, -0.13619021;
 -0.16654487, 0.13788542, 0.97634554]
Camera R before warp: 16
R:
[0.99894559, -0.0050989576, -0.04562673;
 -0.0023343381, 0.98688704, -0.16139616;
 0.045851395, 0.16133249, 0.9858346]
Camera R before warp: 17
R:
[0.89565861, 0.01445305, -0.44450748;
 -0.068494536, 0.99203032, -0.10575719;
 0.43943638, 0.12516867, 0.88951039]
Camera R before warp: 18
R:
[0.89239401, 0.052458517, -0.44819769;
 -0.075371936, 0.99659514, -0.033426255;
 0.44491819, 0.063610911, 0.89330953]
Warping images, time: 1.46495 sec
Compositing...
Compositing image #1
Camera R before warp2: 1
R:
[0.89754748, -0.012725554, 0.44073424;
 -0.073137216, 0.98143917, 0.17728028;
 -0.4348098, -0.19135155, 0.87995756]
Multi-band blender, number of bands: 7
Compositing image #2
Camera R before warp2: 2
R:
[0.95447904, -0.007988058, 0.29817122;
 -0.054178588, 0.97836989, 0.19964239;
 -0.29331648, -0.20670895, 0.93340087]
Compositing image #3
Camera R before warp2: 3
R:
[0.98326963, -0.0031507574, 0.18212853;
 -0.032905128, 0.98032945, 0.19460647;
 -0.1791591, -0.19734362, 0.96382463]
Compositing image #4
Camera R before warp2: 4
R:
[0.99713278, 0.00024249032, -0.075671747;
 0.01473889, 0.98022103, 0.19735673;
 0.074222893, -0.19790621, 0.97740698]
Compositing image #5
Camera R before warp2: 5
R:
[0.94282174, 0.0057620369, -0.3332479;
 0.056974169, 0.98234797, 0.17817606;
 0.32839206, -0.18697478, 0.92585063]
Compositing image #6
Camera R before warp2: 6
R:
[0.87813377, 0.073309362, -0.47276509;
 0.08675053, 0.94740874, 0.30804402;
 0.47048438, -0.31151658, 0.82559204]
Compositing image #7
Camera R before warp2: 7
R:
[0.89327043, -0.013663208, 0.449312;
 0.00034722453, 0.99955875, 0.02970545;
 -0.44951957, -0.026378991, 0.89288104]
Compositing image #8
Camera R before warp2: 8
R:
[0.95453316, -0.020725735, 0.29738355;
 -0.0011296882, 0.99732167, 0.073133022;
 -0.29810271, -0.070143841, 0.95195323]
Compositing image #9
Camera R before warp2: 9
R:
[0.97943068, 0.0057255076, 0.20170021;
 -0.0052014245, 0.9999817, -0.0031282054;
 -0.2017144, 0.0020147245, 0.97944248]
Compositing image #10
Camera R before warp2: 10
R:
[0.97396564, 0.0023949733, -0.22668299;
 -0.00091914984, 0.99997783, 0.0066158394;
 0.22669378, -0.0062352442, 0.97394627]
Compositing image #11
Camera R before warp2: 11
R:
[0.97329926, 0.035017177, -0.22685331;
 -0.01149681, 0.9944917, 0.10418387;
 0.22925197, -0.098793976, 0.96834064]
Compositing image #12
Camera R before warp2: 12
R:
[0.83314842, -0.0019636818, -0.55304611;
 0.015062764, 0.99970347, 0.019142011;
 0.55284452, -0.024278544, 0.83293086]
Compositing image #13
Camera R before warp2: 13
R:
[0.88342047, 0.0064172111, 0.46853727;
 0.080710381, 0.98287815, -0.16564007;
 -0.46157795, 0.18414564, 0.86777675]
Compositing image #14
Camera R before warp2: 14
R:
[0.94717938, -0.0021671653, 0.32069701;
 0.051575944, 0.9879905, -0.14565311;
 -0.31652999, 0.15449986, 0.93591607]
Compositing image #15
Camera R before warp2: 15
R:
[0.98579705, 0.0015803427, 0.16793391;
 0.02161267, 0.99044704, -0.13619021;
 -0.16654487, 0.13788542, 0.97634554]
Compositing image #16
Camera R before warp2: 16
R:
[0.99894559, -0.0050989576, -0.04562673;
 -0.0023343381, 0.98688704, -0.16139616;
 0.045851395, 0.16133249, 0.9858346]
Compositing image #17
Camera R before warp2: 17
R:
[0.89565861, 0.01445305, -0.44450748;
 -0.068494536, 0.99203032, -0.10575719;
 0.43943638, 0.12516867, 0.88951039]
Compositing image #18
Camera R before warp2: 18
R:
[0.89239401, 0.052458517, -0.44819769;
 -0.075371936, 0.99659514, -0.033426255;
 0.44491819, 0.063610911, 0.89330953]
Compositing, time: 22.2393 sec
last place: 1
R:
[0.89754748, -0.012725554, 0.44073424;
 -0.073137216, 0.98143917, 0.17728028;
 -0.4348098, -0.19135155, 0.87995756]
last place: 2
R:
[0.95447904, -0.007988058, 0.29817122;
 -0.054178588, 0.97836989, 0.19964239;
 -0.29331648, -0.20670895, 0.93340087]
last place: 3
R:
[0.98326963, -0.0031507574, 0.18212853;
 -0.032905128, 0.98032945, 0.19460647;
 -0.1791591, -0.19734362, 0.96382463]
last place: 4
R:
[0.99713278, 0.00024249032, -0.075671747;
 0.01473889, 0.98022103, 0.19735673;
 0.074222893, -0.19790621, 0.97740698]
last place: 5
R:
[0.94282174, 0.0057620369, -0.3332479;
 0.056974169, 0.98234797, 0.17817606;
 0.32839206, -0.18697478, 0.92585063]
last place: 6
R:
[0.87813377, 0.073309362, -0.47276509;
 0.08675053, 0.94740874, 0.30804402;
 0.47048438, -0.31151658, 0.82559204]
last place: 7
R:
[0.89327043, -0.013663208, 0.449312;
 0.00034722453, 0.99955875, 0.02970545;
 -0.44951957, -0.026378991, 0.89288104]
last place: 8
R:
[0.95453316, -0.020725735, 0.29738355;
 -0.0011296882, 0.99732167, 0.073133022;
 -0.29810271, -0.070143841, 0.95195323]
last place: 9
R:
[0.97943068, 0.0057255076, 0.20170021;
 -0.0052014245, 0.9999817, -0.0031282054;
 -0.2017144, 0.0020147245, 0.97944248]
last place: 10
R:
[0.97396564, 0.0023949733, -0.22668299;
 -0.00091914984, 0.99997783, 0.0066158394;
 0.22669378, -0.0062352442, 0.97394627]
last place: 11
R:
[0.97329926, 0.035017177, -0.22685331;
 -0.01149681, 0.9944917, 0.10418387;
 0.22925197, -0.098793976, 0.96834064]
last place: 12
R:
[0.83314842, -0.0019636818, -0.55304611;
 0.015062764, 0.99970347, 0.019142011;
 0.55284452, -0.024278544, 0.83293086]
last place: 13
R:
[0.88342047, 0.0064172111, 0.46853727;
 0.080710381, 0.98287815, -0.16564007;
 -0.46157795, 0.18414564, 0.86777675]
last place: 14
R:
[0.94717938, -0.0021671653, 0.32069701;
 0.051575944, 0.9879905, -0.14565311;
 -0.31652999, 0.15449986, 0.93591607]
last place: 15
R:
[0.98579705, 0.0015803427, 0.16793391;
 0.02161267, 0.99044704, -0.13619021;
 -0.16654487, 0.13788542, 0.97634554]
last place: 16
R:
[0.99894559, -0.0050989576, -0.04562673;
 -0.0023343381, 0.98688704, -0.16139616;
 0.045851395, 0.16133249, 0.9858346]
last place: 17
R:
[0.89565861, 0.01445305, -0.44450748;
 -0.068494536, 0.99203032, -0.10575719;
 0.43943638, 0.12516867, 0.88951039]
last place: 18
R:
[0.89239401, 0.052458517, -0.44819769;
 -0.075371936, 0.99659514, -0.033426255;
 0.44491819, 0.063610911, 0.89330953]
Finished, total time: 173.714 sec
