Finding features...
Features in image #1: 1460
Features in image #2: 1466
Features in image #3: 1369
Features in image #4: 1463
Features in image #5: 1466
Features in image #6: 1426
Features in image #7: 1527
Features in image #8: 1530
Features in image #9: 1512
Features in image #10: 1511
Features in image #11: 1524
Features in image #12: 1493
Features in image #13: 1528
Features in image #14: 1514
Features in image #15: 1530
Features in image #16: 1461
Features in image #17: 1506
Features in image #18: 1464
Finding features, time: 0.704951 sec
Pairwise matchingPairwise matching, time: 2.79062 sec
Initial camera intrinsics #1:
K:
[677.681669949451, 0, 447.5;
 0, 677.681669949451, 335;
 0, 0, 1]
R:
[1.0609974, -0.1390049, 3.0573089;
 -0.084057197, 1.1052498, 0.79778767;
 -0.014563694, -0.089834444, 0.90429425]
Initial camera intrinsics #2:
K:
[677.681669949451, 0, 447.5;
 0, 677.681669949451, 335;
 0, 0, 1]
R:
[1.1216482, -0.13655727, 1.897717;
 -0.061437972, 1.0850948, 0.85298318;
 0.013199794, -0.092363484, 0.89134872]
Initial camera intrinsics #3:
K:
[677.681669949451, 0, 447.5;
 0, 677.681669949451, 335;
 0, 0, 1]
R:
[1.1356902, -0.12737803, 0.68573225;
 -0.046233851, 1.0776888, 0.93549216;
 0.026849331, -0.088858716, 0.86004072]
Initial camera intrinsics #4:
K:
[677.681669949451, 0, 447.5;
 0, 677.681669949451, 335;
 0, 0, 1]
R:
[1.1087732, -0.11850134, -0.45746109;
 0.0042465972, 1.0552406, 0.9190352;
 0.071120754, -0.079279475, 0.78753221]
Initial camera intrinsics #5:
K:
[677.681669949451, 0, 447.5;
 0, 677.681669949451, 335;
 0, 0, 1]
R:
[1.0735501, -0.10851512, -1.5479231;
 0.018559877, 1.0435786, 0.90472257;
 0.087948941, -0.076084204, 0.69790602]
Initial camera intrinsics #6:
K:
[677.681669949451, 0, 447.5;
 0, 677.681669949451, 335;
 0, 0, 1]
R:
[0.58741713, -0.3232469, -1.9314649;
 0.11517954, 0.97538298, 0.71003115;
 0.21081562, 0.15326355, 0.87863123]
Initial camera intrinsics #7:
K:
[677.681669949451, 0, 447.5;
 0, 677.681669949451, 335;
 0, 0, 1]
R:
[1.0143999, -0.12486257, 3.1635964;
 -0.010384431, 1.0482413, -0.049198028;
 -0.029244976, -0.069532521, 0.96031755]
Initial camera intrinsics #8:
K:
[677.681669949451, 0, 447.5;
 0, 677.681669949451, 335;
 0, 0, 1]
R:
[1.0361338, -0.11000068, 2.0502195;
 -0.0079322411, 1.0381666, -0.016101513;
 -0.015445388, -0.067001887, 0.97528833]
Initial camera intrinsics #9:
K:
[677.681669949451, 0, 447.5;
 0, 677.681669949451, 335;
 0, 0, 1]
R:
[1.0067688, 0.0052937651, 1.0200758;
 -0.010822329, 1.0115839, 0.003469235;
 -0.024130374, 0.0023789147, 1]
Initial camera intrinsics #10:
K:
[677.681669949451, 0, 447.5;
 0, 677.681669949451, 335;
 0, 0, 1]
R:
[1, 0, 0;
 0, 1, 0;
 0, 0, 1]
Initial camera intrinsics #11:
K:
[677.681669949451, 0, 447.5;
 0, 677.681669949451, 335;
 0, 0, 1]
R:
[0.98055369, 0.013009807, -1.0704126;
 -0.012457192, 0.9925462, 0.0019644548;
 0.015759332, -0.004879937, 0.98285609]
Initial camera intrinsics #12:
K:
[677.681669949451, 0, 447.5;
 0, 677.681669949451, 335;
 0, 0, 1]
R:
[0.76915115, -0.040463708, -1.8699119;
 0.0071872086, 0.9459933, 0.015344365;
 0.1140601, 0.025007546, 0.86497879]
Initial camera intrinsics #13:
K:
[677.681669949451, 0, 447.5;
 0, 677.681669949451, 335;
 0, 0, 1]
R:
[0.66097081, -0.6800946, 2.4001491;
 0.010466375, 0.72560012, -0.83242714;
 0.0096030449, 0.2559171, 0.92239588]
Initial camera intrinsics #14:
K:
[677.681669949451, 0, 447.5;
 0, 677.681669949451, 335;
 0, 0, 1]
R:
[0.68969417, -0.65456706, 1.6547235;
 -0.0034293449, 0.70966768, -0.813586;
 0.026162375, 0.26137063, 0.90025121]
Initial camera intrinsics #15:
K:
[677.681669949451, 0, 447.5;
 0, 677.681669949451, 335;
 0, 0, 1]
R:
[0.71295184, -0.64609057, 0.9025268;
 -0.023699125, 0.70293099, -0.77701819;
 0.045351166, 0.25484079, 0.85742569]
Initial camera intrinsics #16:
K:
[677.681669949451, 0, 447.5;
 0, 677.681669949451, 335;
 0, 0, 1]
R:
[0.71300083, -0.63654369, 0.17957219;
 -0.046814088, 0.68888462, -0.73051214;
 0.078340068, 0.24900232, 0.77751803]
Initial camera intrinsics #17:
K:
[677.681669949451, 0, 447.5;
 0, 677.681669949451, 335;
 0, 0, 1]
R:
[0.71288037, -0.6313203, -0.61537141;
 -0.051877335, 0.68341088, -0.66136211;
 0.074619144, 0.25737762, 0.70004326]
Initial camera intrinsics #18:
K:
[677.681669949451, 0, 447.5;
 0, 677.681669949451, 335;
 0, 0, 1]
R:
[0.72319919, -0.62208998, -1.3791425;
 -0.053984836, 0.6867739, -0.60185957;
 0.071541145, 0.25589386, 0.62572259]
Camera #1:
K:
[3349.574408189364, 0, 413.866476107109;
 0, 3418.573455688454, 406.5851934617289;
 0, 0, 1]
R:
[0.89310443, -0.021133659, 0.4493528;
 -0.083314508, 0.97384405, 0.21139164;
 -0.44206706, -0.22623238, 0.8679837]
Camera #2:
K:
[3359.21742835941, 0, 579.4154322598139;
 0, 3413.611759437667, 514.0041913908661;
 0, 0, 1]
R:
[0.95272058, -0.022740714, 0.30299562;
 -0.057003312, 0.96611285, 0.25174728;
 -0.29845288, -0.25711656, 0.91913927]
Camera #3:
K:
[3401.244101471511, 0, 1063.238092649493;
 0, 3451.885273990615, 423.5738788035439;
 0, 0, 1]
R:
[0.97159123, -0.015709002, 0.23614353;
 -0.041467384, 0.97105926, 0.23521167;
 -0.2330043, -0.23832183, 0.94282109]
Camera #4:
K:
[3661.440638593275, 0, 987.6592766651675;
 0, 3582.04889991795, 330.5283829081441;
 0, 0, 1]
R:
[0.99978107, -0.012130504, 0.017050736;
 0.0082581546, 0.9774192, 0.21114846;
 -0.01922705, -0.2109614, 0.97730523]
Camera #5:
K:
[3867.850265399241, 0, 688.6217742571412;
 0, 3689.183991573197, 303.9541715599483;
 0, 0, 1]
R:
[0.97002131, -0.0046021659, -0.24297674;
 0.05381535, 0.97906619, 0.19629954;
 0.23698686, -0.20349059, 0.94996256]
Camera #6:
K:
[3594.170076459801, 0, -372.6700217395917;
 0, 3548.231208280502, 198.7839929343624;
 0, 0, 1]
R:
[0.75615233, -0.007975095, -0.65434718;
 0.11789676, 0.98522431, 0.1242317;
 0.6436879, -0.17108348, 0.74591982]
Camera #7:
K:
[3362.099892224466, 0, 487.2761483007509;
 0, 3481.758633250167, 395.8544444047936;
 0, 0, 1]
R:
[0.88039482, -0.010863544, 0.47411716;
 -0.017320791, 0.99833399, 0.055038247;
 -0.47392514, -0.056667451, 0.87873983]
Camera #8:
K:
[3386.307227618282, 0, 506.1160818510734;
 0, 3494.012011701459, 463.1908451675444;
 0, 0, 1]
R:
[0.95918864, -0.012110104, 0.28250784;
 -0.011369087, 0.99662304, 0.0813227;
 -0.28253859, -0.081215665, 0.95581162]
Camera #9:
K:
[3445.909773671169, 0, 950.8330942708521;
 0, 3521.054493373346, 300.2760777030795;
 0, 0, 1]
R:
[0.97703856, 0.0045161224, 0.21301496;
 -0.01288243, 0.99919838, 0.037904017;
 -0.21267301, -0.039777834, 0.97631341]
Camera #10:
K:
[3686.511059541026, 0, 885.594686361761;
 0, 3608.659846258935, 161.2838483818551;
 0, 0, 1]
R:
[1, 2.7939677e-09, 0;
 -4.6566129e-09, 1, 3.7252903e-09;
 -7.4505806e-09, 0, 1]
Camera #11:
K:
[3852.88815590009, 0, 709.6146963341362;
 0, 3638.519427123546, 649.6681551705655;
 0, 0, 1]
R:
[0.97061747, 0.038643375, -0.23750484;
 -0.0070944279, 0.99118721, 0.1322788;
 0.24052346, -0.12670712, 0.96233767]
Camera #12:
K:
[3852.394044361235, 0, 157.0117979468147;
 0, 3642.710981444632, 336.1998774452583;
 0, 0, 1]
R:
[0.84720129, 0.0028842581, -0.53126419;
 0.025349019, 0.99862689, 0.045845415;
 0.53066695, -0.052307319, 0.84596491]
Camera #13:
K:
[3371.452170626429, 0, 548.6351700021237;
 0, 3481.553102940767, 297.1246686559666;
 0, 0, 1]
R:
[0.87217689, 0.015212638, 0.48895419;
 0.057584453, 0.98937464, -0.13349891;
 -0.48578963, 0.1445908, 0.86203355]
Camera #14:
K:
[3418.80585052714, 0, 654.6448517840705;
 0, 3497.538482657792, 414.9702659432867;
 0, 0, 1]
R:
[0.94530106, 0.0036067208, 0.3261793;
 0.032161318, 0.99403644, -0.10419837;
 -0.32460988, 0.10898918, 0.93954766]
Camera #15:
K:
[3502.832982080121, 0, 950.0367299369453;
 0, 3543.320762752991, 391.5655521591367;
 0, 0, 1]
R:
[0.9770897, 0.010344244, 0.21257663;
 0.013539237, 0.99377394, -0.1105902;
 -0.21239705, 0.11093467, 0.97086608]
Camera #16:
K:
[3714.452174613744, 0, 860.5957967895122;
 0, 3646.972051828369, 425.0043513803029;
 0, 0, 1]
R:
[0.99998409, 0.0051521137, -0.0023137741;
 -0.005362642, 0.9946906, -0.10277081;
 0.0017720051, 0.10278158, 0.99470234]
Camera #17:
K:
[3808.348369796813, 0, 211.5368074922767;
 0, 3680.824627585762, 455.7340442055612;
 0, 0, 1]
R:
[0.93292254, 0.018506981, -0.35960123;
 -0.050663073, 0.99549019, -0.080203287;
 0.35649517, 0.093041956, 0.92965281]
Camera #18:
K:
[3790.553079880307, 0, 687.715651861441;
 0, 3673.53305516082, 513.8035030940064;
 0, 0, 1]
R:
[0.90840685, 0.033153638, -0.41677067;
 -0.063699037, 0.99618822, -0.05959484;
 0.41320628, 0.080684252, 0.90705603]
Warping images (auxiliary)...
Camera R before warp: 1
R:
[0.90763223, -0.016975001, 0.4194231;
 -0.062684417, 0.98249727, 0.17541301;
 -0.41505966, -0.18550177, 0.8906821]
Camera R before warp: 2
R:
[0.96233475, -0.017524462, 0.27130184;
 -0.042348936, 0.97607625, 0.21326458;
 -0.26854864, -0.21672122, 0.93856996]
Camera R before warp: 3
R:
[0.97895849, -0.0111406, 0.20375538;
 -0.029556692, 0.98023772, 0.19560321;
 -0.20190784, -0.19750971, 0.95928252]
Camera R before warp: 4
R:
[0.99983138, -0.0084985327, -0.016280096;
 0.01113857, 0.98544186, 0.1696481;
 0.014601341, -0.1698008, 0.98537016]
Camera R before warp: 5
R:
[0.96138692, -0.0012292578, -0.27519798;
 0.04575365, 0.9867869, 0.15542977;
 0.27137065, -0.16201942, 0.94874001]
Camera R before warp: 6
R:
[0.73385459, -0.0057022707, -0.67928284;
 0.092127763, 0.99156141, 0.091205373;
 0.67303044, -0.12951225, 0.7281872]
Camera R before warp: 7
R:
[0.89576179, -0.012449625, 0.44436017;
 0.0045714965, 0.9998129, 0.018796287;
 -0.44451094, -0.014805581, 0.89565098]
Camera R before warp: 8
R:
[0.96810943, -0.012871042, 0.25019717;
 0.0025844751, 0.99913943, 0.041398957;
 -0.25051466, -0.03943209, 0.9673093]
Camera R before warp: 9
R:
[0.98362523, 0.0023552561, 0.18021122;
 -0.0018462325, 0.99999386, -0.0029923022;
 -0.18021713, 0.002610594, 0.98362333]
Camera R before warp: 10
R:
[0.99943793, -0.0034873765, -0.033341575;
 0.0020748503, 0.99910253, -0.042306364;
 0.033459187, 0.04221341, 0.99854815]
Camera R before warp: 11
R:
[0.9620772, 0.039389625, -0.2699185;
 -0.015249844, 0.99573839, 0.090954289;
 0.27235085, -0.083388798, 0.95857769]
Camera R before warp: 12
R:
[0.82894343, 0.0011440546, -0.55933124;
 0.0046334974, 0.99994957, 0.0089122728;
 0.55931324, -0.0099794269, 0.82889634]
Camera R before warp: 13
R:
[0.8876828, 0.0069328784, 0.46040335;
 0.079894409, 0.98240119, -0.16883409;
 -0.45347115, 0.18665475, 0.87150657]
Camera R before warp: 14
R:
[0.95548058, -0.0034957596, 0.29503334;
 0.047826879, 0.98854089, -0.14317693;
 -0.29115194, 0.15091328, 0.94469869]
Camera R before warp: 15
R:
[0.98357493, 0.0031740263, 0.18047261;
 0.024540152, 0.98821026, -0.1511237;
 -0.17882451, 0.1530703, 0.97190082]
Camera R before warp: 16
R:
[0.99938166, -0.0017465453, -0.035119016;
 -0.0033579748, 0.98946023, -0.14476562;
 0.035001718, 0.14479402, 0.98884243]
Camera R before warp: 17
R:
[0.92068875, 0.011922761, -0.3901155;
 -0.063763939, 0.99069887, -0.12020767;
 0.38505378, 0.13554913, 0.91288549]
Camera R before warp: 18
R:
[0.89434147, 0.026970778, -0.44657126;
 -0.07923831, 0.9919495, -0.098780334;
 0.44031197, 0.12372892, 0.88927859]
Warping images, time: 0.0375249 sec
Compositing...
Compositing image #1
Camera R before warp2: 1
R:
[0.90763223, -0.016975001, 0.4194231;
 -0.062684417, 0.98249727, 0.17541301;
 -0.41505966, -0.18550177, 0.8906821]
Multi-band blender, number of bands: 7
Compositing image #2
Camera R before warp2: 2
R:
[0.96233475, -0.017524462, 0.27130184;
 -0.042348936, 0.97607625, 0.21326458;
 -0.26854864, -0.21672122, 0.93856996]
Compositing image #3
Camera R before warp2: 3
R:
[0.97895849, -0.0111406, 0.20375538;
 -0.029556692, 0.98023772, 0.19560321;
 -0.20190784, -0.19750971, 0.95928252]
Compositing image #4
Camera R before warp2: 4
R:
[0.99983138, -0.0084985327, -0.016280096;
 0.01113857, 0.98544186, 0.1696481;
 0.014601341, -0.1698008, 0.98537016]
Compositing image #5
Camera R before warp2: 5
R:
[0.96138692, -0.0012292578, -0.27519798;
 0.04575365, 0.9867869, 0.15542977;
 0.27137065, -0.16201942, 0.94874001]
Compositing image #6
Camera R before warp2: 6
R:
[0.73385459, -0.0057022707, -0.67928284;
 0.092127763, 0.99156141, 0.091205373;
 0.67303044, -0.12951225, 0.7281872]
Compositing image #7
Camera R before warp2: 7
R:
[0.89576179, -0.012449625, 0.44436017;
 0.0045714965, 0.9998129, 0.018796287;
 -0.44451094, -0.014805581, 0.89565098]
Compositing image #8
Camera R before warp2: 8
R:
[0.96810943, -0.012871042, 0.25019717;
 0.0025844751, 0.99913943, 0.041398957;
 -0.25051466, -0.03943209, 0.9673093]
Compositing image #9
Camera R before warp2: 9
R:
[0.98362523, 0.0023552561, 0.18021122;
 -0.0018462325, 0.99999386, -0.0029923022;
 -0.18021713, 0.002610594, 0.98362333]
Compositing image #10
Camera R before warp2: 10
R:
[0.99943793, -0.0034873765, -0.033341575;
 0.0020748503, 0.99910253, -0.042306364;
 0.033459187, 0.04221341, 0.99854815]
Compositing image #11
Camera R before warp2: 11
R:
[0.9620772, 0.039389625, -0.2699185;
 -0.015249844, 0.99573839, 0.090954289;
 0.27235085, -0.083388798, 0.95857769]
Compositing image #12
Camera R before warp2: 12
R:
[0.82894343, 0.0011440546, -0.55933124;
 0.0046334974, 0.99994957, 0.0089122728;
 0.55931324, -0.0099794269, 0.82889634]
Compositing image #13
Camera R before warp2: 13
R:
[0.8876828, 0.0069328784, 0.46040335;
 0.079894409, 0.98240119, -0.16883409;
 -0.45347115, 0.18665475, 0.87150657]
Compositing image #14
Camera R before warp2: 14
R:
[0.95548058, -0.0034957596, 0.29503334;
 0.047826879, 0.98854089, -0.14317693;
 -0.29115194, 0.15091328, 0.94469869]
Compositing image #15
Camera R before warp2: 15
R:
[0.98357493, 0.0031740263, 0.18047261;
 0.024540152, 0.98821026, -0.1511237;
 -0.17882451, 0.1530703, 0.97190082]
Compositing image #16
Camera R before warp2: 16
R:
[0.99938166, -0.0017465453, -0.035119016;
 -0.0033579748, 0.98946023, -0.14476562;
 0.035001718, 0.14479402, 0.98884243]
Compositing image #17
Camera R before warp2: 17
R:
[0.92068875, 0.011922761, -0.3901155;
 -0.063763939, 0.99069887, -0.12020767;
 0.38505378, 0.13554913, 0.91288549]
Compositing image #18
Camera R before warp2: 18
R:
[0.89434147, 0.026970778, -0.44657126;
 -0.07923831, 0.9919495, -0.098780334;
 0.44031197, 0.12372892, 0.88927859]
Compositing, time: 0.875257 sec
last place: 1
R:
[0.88522196, -0.0071500344, 0.46511403;
 -0.063805409, 0.98856473, 0.13663363;
 -0.46077222, -0.15062785, 0.87464297]
last place: 2
R:
[0.95977569, -0.013884149, 0.28042436;
 -0.04201895, 0.98042548, 0.19235542;
 -0.27760583, -0.19640116, 0.94040507]
last place: 3
R:
[0.98586535, -0.010573264, 0.16720572;
 -0.024152713, 0.97861248, 0.20429;
 -0.16578959, -0.20544091, 0.96452475]
last place: 4
R:
[0.99938852, -0.0066971928, -0.03431711;
 0.012524308, 0.9849264, 0.17252058;
 0.032644406, -0.17284486, 0.98440796]
last place: 5
R:
[0.96980053, 0.0021857396, -0.24388981;
 0.03945151, 0.98538584, 0.1657055;
 0.24068776, -0.17032312, 0.95554155]
last place: 6
R:
[0.68723047, -0.013006314, -0.72632313;
 0.091278397, 0.99346155, 0.068575576;
 0.72068208, -0.11342482, 0.6839242]
last place: 7
R:
[0.88253039, -0.017273197, 0.46993801;
 0.0050750105, 0.99961692, 0.027211523;
 -0.47022796, -0.021630052, 0.88227999]
last place: 8
R:
[0.96135706, -0.013888849, 0.27495396;
 0.0036762385, 0.99928522, 0.037623547;
 -0.27528003, -0.035158869, 0.96072102]
last place: 9
R:
[0.99017262, 0.001352217, 0.13984399;
 -0.0015142802, 0.99999833, 0.0010524783;
 -0.13984235, -0.0012538992, 0.99017298]
last place: 10
R:
[0.99655342, -0.0032969795, -0.082887925;
 0.00071928179, 0.99951589, -0.03110921;
 0.082950354, 0.03094238, 0.99607325]
last place: 11
R:
[0.97050649, 0.029521987, -0.23926052;
 -0.013125987, 0.99747229, 0.069833949;
 0.24071741, -0.064633772, 0.96844083]
last place: 12
R:
[0.84294015, 0.003494068, -0.53799593;
 0.0037586046, 0.99991632, 0.012383087;
 0.53799415, -0.012460329, 0.84285653]
last place: 13
R:
[0.90119654, -0.0074130143, 0.43334734;
 0.074995019, 0.98743892, -0.13906942;
 -0.426873, 0.15782779, 0.89043236]
last place: 14
R:
[0.94005823, -0.00014490075, 0.34101373;
 0.05749071, 0.98575395, -0.15806337;
 -0.33613274, 0.16819391, 0.9266746]
last place: 15
R:
[0.98277867, 0.0048991079, 0.18472168;
 0.024866831, 0.9870494, -0.15847765;
 -0.18310578, 0.16034189, 0.96992928]
last place: 16
R:
[0.99910188, 0.0020138584, -0.042325217;
 -0.0067385458, 0.99370968, -0.11178455;
 0.041833855, 0.11196935, 0.99283081]
last place: 17
R:
[0.91074616, 0.0072407704, -0.41290331;
 -0.06675034, 0.98928005, -0.12988383;
 0.40753651, 0.14585261, 0.90146619]
last place: 18
R:
[0.89909518, 0.030919714, -0.4366599;
 -0.076840825, 0.99316192, -0.08789207;
 0.43095636, 0.11257666, 0.89532286]
Finished, total time: 145.056 sec
