Finding features...
Features in image #1: 1460
Features in image #2: 1466
Features in image #3: 1369
Features in image #4: 1463
Features in image #5: 1466
Features in image #6: 1426
Features in image #7: 1527
Features in image #8: 1530
Features in image #9: 1512
Features in image #10: 1511
Features in image #11: 1524
Features in image #12: 1493
Features in image #13: 1528
Features in image #14: 1514
Features in image #15: 1530
Features in image #16: 1461
Features in image #17: 1506
Features in image #18: 1464
Finding features, time: 7.43627 sec
Pairwise matchingPairwise matching, time: 3.14205 sec
Initial camera intrinsics #1:
K:
[840.435766201815, 0, 447.5;
 0, 840.435766201815, 335;
 0, 0, 1]
R:
[-0.033095185, -0.5535292, 1.3134857;
 0.10408537, 2.2349982, 1.5618401;
 -1.4504993, -1.0233935, -0.99931282]
Initial camera intrinsics #2:
K:
[840.435766201815, 0, 447.5;
 0, 840.435766201815, 335;
 0, 0, 1]
R:
[0.032347061, -0.55475527, 1.2902446;
 0.16413634, 2.1830332, 1.4096934;
 -1.4395999, -1.0155436, 0.21100184]
Initial camera intrinsics #3:
K:
[840.435766201815, 0, 447.5;
 0, 840.435766201815, 335;
 0, 0, 1]
R:
[0.063628271, -0.54167503, 1.2217242;
 0.20411742, 2.1633666, 1.2904525;
 -1.4117975, -1.007578, 1.3955237]
Initial camera intrinsics #4:
K:
[840.435766201815, 0, 447.5;
 0, 840.435766201815, 335;
 0, 0, 1]
R:
[0.10195963, -0.53096747, 1.142072;
 0.24122454, 2.1414378, 1.072778;
 -1.3255701, -0.99764776, 2.4990385]
Initial camera intrinsics #5:
K:
[840.435766201815, 0, 447.5;
 0, 840.435766201815, 335;
 0, 0, 1]
R:
[0.13845302, -0.51618266, 1.026837;
 0.25487864, 2.1193221, 0.87144941;
 -1.207468, -0.97858781, 3.4847221]
Initial camera intrinsics #6:
K:
[840.435766201815, 0, 447.5;
 0, 840.435766201815, 335;
 0, 0, 1]
R:
[0.58526665, 0.0013088363, -1.4957215;
 0.10471178, 0.93587005, 0.57476687;
 0.29400572, -0.037790589, 0.82224864]
Initial camera intrinsics #7:
K:
[840.435766201815, 0, 447.5;
 0, 840.435766201815, 335;
 0, 0, 1]
R:
[-0.1197012, -1.2081215, 2.0472651;
 0.26953992, 2.0690374, 0.30782092;
 -1.6930062, -0.95236814, -0.48667604]
Initial camera intrinsics #8:
K:
[840.435766201815, 0, 447.5;
 0, 840.435766201815, 335;
 0, 0, 1]
R:
[0.019338124, -1.1951648, 2.0176709;
 0.23833048, 2.0152047, 0.1207092;
 -1.6021793, -0.94331843, 0.90488017]
Initial camera intrinsics #9:
K:
[840.435766201815, 0, 447.5;
 0, 840.435766201815, 335;
 0, 0, 1]
R:
[1.0046964, 0.0053478749, 0.83017021;
 0.0001925867, 1.0302966, 0.0068537425;
 -0.080787703, 0.0028993902, 1]
Initial camera intrinsics #10:
K:
[840.435766201815, 0, 447.5;
 0, 840.435766201815, 335;
 0, 0, 1]
R:
[1, 0, 0;
 0, 1, 0;
 0, 0, 1]
Initial camera intrinsics #11:
K:
[840.435766201815, 0, 447.5;
 0, 840.435766201815, 335;
 0, 0, 1]
R:
[0.97385508, 0.012070064, -0.85879982;
 -0.01309281, 0.9886598, 0.0018478472;
 0.026379704, -0.0026616403, 0.97676623]
Initial camera intrinsics #12:
K:
[840.435766201815, 0, 447.5;
 0, 840.435766201815, 335;
 0, 0, 1]
R:
[0.66930282, -0.049768742, -1.4283419;
 0.0055879503, 0.9159497, 0.012713907;
 0.19872752, 0.040048152, 0.80859399]
Initial camera intrinsics #13:
K:
[840.435766201815, 0, 447.5;
 0, 840.435766201815, 335;
 0, 0, 1]
R:
[0.50396997, -0.62081671, 1.7297307;
 0.10398741, 0.71995717, -0.5604136;
 -0.074315466, 0.35991347, 0.94805175]
Initial camera intrinsics #14:
K:
[840.435766201815, 0, 447.5;
 0, 840.435766201815, 335;
 0, 0, 1]
R:
[0.63170224, -0.66061109, 1.1748369;
 0.03967328, 0.71897817, -0.58519512;
 0.015727377, 0.30499366, 0.93849224]
Initial camera intrinsics #15:
K:
[840.435766201815, 0, 447.5;
 0, 840.435766201815, 335;
 0, 0, 1]
R:
[0.65600222, -0.6449548, 0.61572778;
 0.015687451, 0.70725131, -0.58921885;
 0.045082275, 0.30295974, 0.90456027]
Initial camera intrinsics #16:
K:
[840.435766201815, 0, 447.5;
 0, 840.435766201815, 335;
 0, 0, 1]
R:
[0.6563974, -0.62213588, 0.07590165;
 -0.026676163, 0.67590564, -0.56847775;
 0.11398794, 0.30458179, 0.81005627]
Initial camera intrinsics #17:
K:
[840.435766201815, 0, 447.5;
 0, 840.435766201815, 335;
 0, 0, 1]
R:
[0.64022082, -0.60759455, -0.50465012;
 -0.044879001, 0.66517532, -0.51723242;
 0.13377146, 0.30478105, 0.69606775]
Initial camera intrinsics #18:
K:
[840.435766201815, 0, 447.5;
 0, 840.435766201815, 335;
 0, 0, 1]
R:
[0.63449603, -0.59296906, -1.0466568;
 -0.053483304, 0.66532862, -0.46932843;
 0.13976657, 0.29949218, 0.57822424]
Camera #1:
K:
[3322.392559401493, 0, 479.49670207656;
 0, 3296.288795989683, 368.6270440392639;
 0, 0, 1]
R:
[0.83339584, -0.037304647, 0.55141616;
 -0.04768163, 0.98914623, 0.13898286;
 -0.55061591, -0.14212012, 0.82257152]
Camera #2:
K:
[3354.267801165787, 0, 685.8939589490133;
 0, 3305.657932730596, 480.2491009888624;
 0, 0, 1]
R:
[0.90526915, -0.043421857, 0.42261374;
 -0.035357833, 0.98361135, 0.17680113;
 -0.4233647, -0.17499527, 0.8888976]
Camera #3:
K:
[3462.798271943014, 0, 846.6285540402259;
 0, 3366.049394072291, 405.1593004731494;
 0, 0, 1]
R:
[0.962466, -0.034414254, 0.26921165;
 -0.010631271, 0.98638624, 0.1641013;
 -0.27119404, -0.16080394, 0.94899726]
Camera #4:
K:
[3622.763499213587, 0, 912.9635250598384;
 0, 3437.804798059407, 367.6689210490286;
 0, 0, 1]
R:
[0.99508023, -0.028633267, 0.094844759;
 0.014110126, 0.98852563, 0.1503931;
 -0.098062694, -0.14831486, 0.98406625]
Camera #5:
K:
[3797.203650324386, 0, 887.2928062506663;
 0, 3526.939999439184, 348.1308424786915;
 0, 0, 1]
R:
[0.99496037, -0.020390272, -0.098174855;
 0.034150202, 0.98947889, 0.14058958;
 0.094275266, -0.14323369, 0.98518848]
Camera #6:
K:
[3508.228275158416, 0, -485.031259205641;
 0, 3396.604496357947, 148.3412788702221;
 0, 0, 1]
R:
[0.79321587, -0.029647291, -0.60821843;
 0.074945584, 0.99597353, 0.049193025;
 0.60431093, -0.08460395, 0.7922439]
Camera #7:
K:
[3329.634979658391, 0, 472.5257812312128;
 0, 3353.747339629989, 394.4226622322005;
 0, 0, 1]
R:
[0.83060801, -0.012773808, 0.55671108;
 0.023288347, 0.99965906, -0.011808664;
 -0.55637038, 0.022773281, 0.8306222]
Camera #8:
K:
[3395.205983168579, 0, 814.5842367802987;
 0, 3378.900128376388, 355.752533580677;
 0, 0, 1]
R:
[0.88830847, -0.0019647591, 0.45924321;
 0.01327318, 0.9996829, -0.021397285;
 -0.45905542, 0.025103025, 0.88805282]
Camera #9:
K:
[3557.580937822448, 0, 690.0900462821602;
 0, 3429.332241513153, 340.1352525948498;
 0, 0, 1]
R:
[0.97078568, 0.0057236478, 0.23988023;
 0.00038156658, 0.99967742, -0.025396898;
 -0.23994821, 0.024746522, 0.97047019]
Camera #10:
K:
[3651.082217724451, 0, 499.8073972225474;
 0, 3457.766225358474, 433.3186380737928;
 0, 0, 1]
R:
[1, 3.7252903e-09, 0;
 7.4505806e-09, 1, 0;
 2.9802322e-08, 1.4901161e-08, 1]
Camera #11:
K:
[3690.945532195052, 0, 1061.70000564716;
 0, 3454.080497566074, 570.305692105109;
 0, 0, 1]
R:
[0.99877757, 0.015035905, -0.047088891;
 -0.013257209, 0.9991951, 0.037860453;
 0.047620207, -0.037189871, 0.99817288]
Camera #12:
K:
[3809.186154835586, 0, 70.94379277417596;
 0, 3503.802830322898, 218.1834459399831;
 0, 0, 1]
R:
[0.88354909, -0.017711533, -0.46800357;
 -0.0094582224, 0.99840605, -0.055640787;
 0.46824306, 0.053587869, 0.88197321]
Camera #13:
K:
[3351.078550316527, 0, 559.7817708668055;
 0, 3374.771941479649, 420.6807849253686;
 0, 0, 1]
R:
[0.81714952, 0.014951658, 0.57623184;
 0.10075081, 0.98057067, -0.16831699;
 -0.56755263, 0.19559598, 0.7997663]
Camera #14:
K:
[3423.892640962192, 0, 766.4448152407532;
 0, 3395.769360571225, 357.976936372289;
 0, 0, 1]
R:
[0.89424247, 0.022812381, 0.44700116;
 0.072701216, 0.97803432, -0.19535476;
 -0.44163892, 0.20719203, 0.87294126]
Camera #15:
K:
[3553.287431089419, 0, 886.4774392531301;
 0, 3462.944363947167, 385.9649152766145;
 0, 0, 1]
R:
[0.95623404, 0.02545429, 0.29149404;
 0.032880016, 0.98055178, -0.19348672;
 -0.29075009, 0.19460292, 0.93679988]
Camera #16:
K:
[3730.508890367266, 0, 670.0009167499484;
 0, 3550.103976471452, 399.4036671645397;
 0, 0, 1]
R:
[0.99860728, 0.020944536, 0.048424721;
 -0.011210218, 0.98110169, -0.19316815;
 -0.051555365, 0.19235626, 0.97996986]
Camera #17:
K:
[3732.561159269008, 0, 162.1853704531144;
 0, 3540.387536573377, 477.3788861131671;
 0, 0, 1]
R:
[0.95984942, 0.034195121, -0.27842414;
 -0.079212375, 0.98518854, -0.15208195;
 0.26909974, 0.16803038, 0.94834119]
Camera #18:
K:
[3712.763284862795, 0, 746.8284702273274;
 0, 3526.340345569821, 606.5455597885698;
 0, 0, 1]
R:
[0.94931424, 0.053178333, -0.30979767;
 -0.091863781, 0.98949283, -0.11164712;
 0.30060536, 0.1344474, 0.94422466]
Warping images (auxiliary)...
Camera R before warp: 1
R:
[0.89742231, -0.015895138, 0.44088608;
 -0.064890966, 0.98372537, 0.16755125;
 -0.43637407, -0.17897373, 0.88178563]
Camera R before warp: 2
R:
[0.95228398, -0.017728349, 0.30469811;
 -0.048164085, 0.97707444, 0.20737839;
 -0.30138922, -0.21215858, 0.92959833]
Camera R before warp: 3
R:
[0.98940665, -0.010622373, 0.14478175;
 -0.018224269, 0.98034114, 0.19646645;
 -0.14402241, -0.1970237, 0.96976233]
Camera R before warp: 4
R:
[0.99944437, -0.0064977463, -0.032691978;
 0.012398048, 0.9829101, 0.18366823;
 0.030939877, -0.18397143, 0.98244447]
Camera R before warp: 5
R:
[0.97452784, 0.0010221787, -0.22426477;
 0.038917068, 0.98404759, 0.17359681;
 0.22086462, -0.17790258, 0.95894182]
Camera R before warp: 6
R:
[0.70868355, -0.015715133, -0.70535147;
 0.096575223, 0.99250215, 0.074918635;
 0.69888538, -0.12121306, 0.70488751]
Camera R before warp: 7
R:
[0.89559746, -0.012847805, 0.44467983;
 0.0058398079, 0.99983621, 0.017126035;
 -0.44482696, -0.012741156, 0.89552575]
Camera R before warp: 8
R:
[0.94021171, -0.0024303899, 0.34058201;
 -0.00079260301, 0.99995613, 0.0093236957;
 -0.34058958, -0.0090361778, 0.9401685]
Camera R before warp: 9
R:
[0.99364948, 0.0052395826, 0.11239824;
 -0.0061498876, 0.999951, 0.007753741;
 -0.11235209, -0.0083956867, 0.99363285]
Camera R before warp: 10
R:
[0.99161267, 0.0027624704, -0.1292156;
 0.0016131162, 0.99942911, 0.033745691;
 0.12923507, -0.033671077, 0.99104208]
Camera R before warp: 11
R:
[0.98421061, 0.02247555, -0.17556885;
 -0.010031528, 0.99739397, 0.071446911;
 0.17671707, -0.068557546, 0.98187101]
Camera R before warp: 12
R:
[0.81560808, -0.021729305, -0.5781967;
 0.0077736229, 0.99961585, -0.026601167;
 0.57855254, 0.017201457, 0.8154636]
Camera R before warp: 13
R:
[0.88391078, -0.0077390019, 0.46759152;
 0.082858987, 0.98663551, -0.1403027;
 -0.46025658, 0.16275923, 0.87273884]
Camera R before warp: 14
R:
[0.9440096, -0.0014496073, 0.32991475;
 0.059198804, 0.98450458, -0.16506417;
 -0.32456321, 0.17535269, 0.92946756]
Camera R before warp: 15
R:
[0.98587412, 0.0028038081, 0.16746551;
 0.024592191, 0.98660004, -0.16129309;
 -0.16567373, 0.16313301, 0.97259426]
Camera R before warp: 16
R:
[0.99686241, -0.0013762992, -0.079142436;
 -0.011332728, 0.98706657, -0.15990999;
 0.078338981, 0.16030516, 0.98395371]
Camera R before warp: 17
R:
[0.91680819, 0.01491772, -0.39904952;
 -0.068537854, 0.99035156, -0.12044181;
 0.39340252, 0.13777202, 0.90898466]
Camera R before warp: 18
R:
[0.9022553, 0.038093049, -0.42951629;
 -0.080135852, 0.99355078, -0.080219612;
 0.42369038, 0.10679822, 0.89948893]
Warping images, time: 1.32096 sec
Compositing...
Compositing image #1
Camera R before warp2: 1
R:
[0.89742231, -0.015895138, 0.44088608;
 -0.064890966, 0.98372537, 0.16755125;
 -0.43637407, -0.17897373, 0.88178563]
Multi-band blender, number of bands: 8
Compositing image #2
Camera R before warp2: 2
R:
[0.95228398, -0.017728349, 0.30469811;
 -0.048164085, 0.97707444, 0.20737839;
 -0.30138922, -0.21215858, 0.92959833]
Compositing image #3
Camera R before warp2: 3
R:
[0.98940665, -0.010622373, 0.14478175;
 -0.018224269, 0.98034114, 0.19646645;
 -0.14402241, -0.1970237, 0.96976233]
Compositing image #4
Camera R before warp2: 4
R:
[0.99944437, -0.0064977463, -0.032691978;
 0.012398048, 0.9829101, 0.18366823;
 0.030939877, -0.18397143, 0.98244447]
Compositing image #5
Camera R before warp2: 5
R:
[0.97452784, 0.0010221787, -0.22426477;
 0.038917068, 0.98404759, 0.17359681;
 0.22086462, -0.17790258, 0.95894182]
Compositing image #6
Camera R before warp2: 6
R:
[0.70868355, -0.015715133, -0.70535147;
 0.096575223, 0.99250215, 0.074918635;
 0.69888538, -0.12121306, 0.70488751]
Compositing image #7
Camera R before warp2: 7
R:
[0.89559746, -0.012847805, 0.44467983;
 0.0058398079, 0.99983621, 0.017126035;
 -0.44482696, -0.012741156, 0.89552575]
Compositing image #8
Camera R before warp2: 8
R:
[0.94021171, -0.0024303899, 0.34058201;
 -0.00079260301, 0.99995613, 0.0093236957;
 -0.34058958, -0.0090361778, 0.9401685]
Compositing image #9
Camera R before warp2: 9
R:
[0.99364948, 0.0052395826, 0.11239824;
 -0.0061498876, 0.999951, 0.007753741;
 -0.11235209, -0.0083956867, 0.99363285]
Compositing image #10
Camera R before warp2: 10
R:
[0.99161267, 0.0027624704, -0.1292156;
 0.0016131162, 0.99942911, 0.033745691;
 0.12923507, -0.033671077, 0.99104208]
Compositing image #11
Camera R before warp2: 11
R:
[0.98421061, 0.02247555, -0.17556885;
 -0.010031528, 0.99739397, 0.071446911;
 0.17671707, -0.068557546, 0.98187101]
Compositing image #12
Camera R before warp2: 12
R:
[0.81560808, -0.021729305, -0.5781967;
 0.0077736229, 0.99961585, -0.026601167;
 0.57855254, 0.017201457, 0.8154636]
Compositing image #13
Camera R before warp2: 13
R:
[0.88391078, -0.0077390019, 0.46759152;
 0.082858987, 0.98663551, -0.1403027;
 -0.46025658, 0.16275923, 0.87273884]
Compositing image #14
Camera R before warp2: 14
R:
[0.9440096, -0.0014496073, 0.32991475;
 0.059198804, 0.98450458, -0.16506417;
 -0.32456321, 0.17535269, 0.92946756]
Compositing image #15
Camera R before warp2: 15
R:
[0.98587412, 0.0028038081, 0.16746551;
 0.024592191, 0.98660004, -0.16129309;
 -0.16567373, 0.16313301, 0.97259426]
Compositing image #16
Camera R before warp2: 16
R:
[0.99686241, -0.0013762992, -0.079142436;
 -0.011332728, 0.98706657, -0.15990999;
 0.078338981, 0.16030516, 0.98395371]
Compositing image #17
Camera R before warp2: 17
R:
[0.91680819, 0.01491772, -0.39904952;
 -0.068537854, 0.99035156, -0.12044181;
 0.39340252, 0.13777202, 0.90898466]
Compositing image #18
Camera R before warp2: 18
R:
[0.9022553, 0.038093049, -0.42951629;
 -0.080135852, 0.99355078, -0.080219612;
 0.42369038, 0.10679822, 0.89948893]
Compositing, time: 14.5363 sec
last place: 1
R:
[0.89742231, -0.015895138, 0.44088608;
 -0.064890966, 0.98372537, 0.16755125;
 -0.43637407, -0.17897373, 0.88178563]
last place: 2
R:
[0.95228398, -0.017728349, 0.30469811;
 -0.048164085, 0.97707444, 0.20737839;
 -0.30138922, -0.21215858, 0.92959833]
last place: 3
R:
[0.98940665, -0.010622373, 0.14478175;
 -0.018224269, 0.98034114, 0.19646645;
 -0.14402241, -0.1970237, 0.96976233]
last place: 4
R:
[0.99944437, -0.0064977463, -0.032691978;
 0.012398048, 0.9829101, 0.18366823;
 0.030939877, -0.18397143, 0.98244447]
last place: 5
R:
[0.97452784, 0.0010221787, -0.22426477;
 0.038917068, 0.98404759, 0.17359681;
 0.22086462, -0.17790258, 0.95894182]
last place: 6
R:
[0.70868355, -0.015715133, -0.70535147;
 0.096575223, 0.99250215, 0.074918635;
 0.69888538, -0.12121306, 0.70488751]
last place: 7
R:
[0.89559746, -0.012847805, 0.44467983;
 0.0058398079, 0.99983621, 0.017126035;
 -0.44482696, -0.012741156, 0.89552575]
last place: 8
R:
[0.94021171, -0.0024303899, 0.34058201;
 -0.00079260301, 0.99995613, 0.0093236957;
 -0.34058958, -0.0090361778, 0.9401685]
last place: 9
R:
[0.99364948, 0.0052395826, 0.11239824;
 -0.0061498876, 0.999951, 0.007753741;
 -0.11235209, -0.0083956867, 0.99363285]
last place: 10
R:
[0.99161267, 0.0027624704, -0.1292156;
 0.0016131162, 0.99942911, 0.033745691;
 0.12923507, -0.033671077, 0.99104208]
last place: 11
R:
[0.98421061, 0.02247555, -0.17556885;
 -0.010031528, 0.99739397, 0.071446911;
 0.17671707, -0.068557546, 0.98187101]
last place: 12
R:
[0.81560808, -0.021729305, -0.5781967;
 0.0077736229, 0.99961585, -0.026601167;
 0.57855254, 0.017201457, 0.8154636]
last place: 13
R:
[0.88391078, -0.0077390019, 0.46759152;
 0.082858987, 0.98663551, -0.1403027;
 -0.46025658, 0.16275923, 0.87273884]
last place: 14
R:
[0.9440096, -0.0014496073, 0.32991475;
 0.059198804, 0.98450458, -0.16506417;
 -0.32456321, 0.17535269, 0.92946756]
last place: 15
R:
[0.98587412, 0.0028038081, 0.16746551;
 0.024592191, 0.98660004, -0.16129309;
 -0.16567373, 0.16313301, 0.97259426]
last place: 16
R:
[0.99686241, -0.0013762992, -0.079142436;
 -0.011332728, 0.98706657, -0.15990999;
 0.078338981, 0.16030516, 0.98395371]
last place: 17
R:
[0.91680819, 0.01491772, -0.39904952;
 -0.068537854, 0.99035156, -0.12044181;
 0.39340252, 0.13777202, 0.90898466]
last place: 18
R:
[0.9022553, 0.038093049, -0.42951629;
 -0.080135852, 0.99355078, -0.080219612;
 0.42369038, 0.10679822, 0.89948893]
Finished, total time: 201.236 sec
