Finding features...
Features in image #1: 1460
Features in image #2: 1466
Features in image #3: 1369
Features in image #4: 1463
Features in image #5: 1466
Features in image #6: 1426
Features in image #7: 1527
Features in image #8: 1530
Features in image #9: 1512
Features in image #10: 1511
Features in image #11: 1524
Features in image #12: 1493
Features in image #13: 1528
Features in image #14: 1514
Features in image #15: 1530
Features in image #16: 1461
Features in image #17: 1506
Features in image #18: 1464
Finding features, time: 0.67091 sec
Pairwise matchingPairwise matching, time: 2.82403 sec
Initial camera intrinsics #1:
K:
[456.034340405492, 0, 447.5;
 0, 456.034340405492, 335;
 0, 0, 1]
R:
[1.4480549, -2.0967827, 4.5909567;
 -0.1107562, 1.1881806, 1.3408179;
 0.049287364, -0.607786, 0.91067076]
Initial camera intrinsics #2:
K:
[456.034340405492, 0, 447.5;
 0, 456.034340405492, 335;
 0, 0, 1]
R:
[1.5024065, -2.0694091, 2.3078618;
 -0.08791136, 1.1662749, 1.461886;
 0.067011103, -0.60299683, 0.81495845]
Initial camera intrinsics #3:
K:
[456.034340405492, 0, 447.5;
 0, 456.034340405492, 335;
 0, 0, 1]
R:
[1.4965856, -2.0534952, -0.15508385;
 -0.07137344, 1.1586717, 1.6303329;
 0.070265777, -0.59986198, 0.6751219]
Initial camera intrinsics #4:
K:
[456.034340405492, 0, 447.5;
 0, 456.034340405492, 335;
 0, 0, 1]
R:
[1.4165761, -1.9960935, -2.2893429;
 -0.018886326, 1.1350939, 1.6338847;
 0.09186884, -0.57461888, 0.54671049]
Initial camera intrinsics #5:
K:
[456.034340405492, 0, 447.5;
 0, 456.034340405492, 335;
 0, 0, 1]
R:
[1.2992659, -1.9573928, -4.2658291;
 0.018879134, 1.1174802, 1.6057528;
 0.112955, -0.5539394, 0.37468278]
Initial camera intrinsics #6:
K:
[456.034340405492, 0, 447.5;
 0, 456.034340405492, 335;
 0, 0, 1]
R:
[1.0614353, -0.038239572, -3.0323846;
 0.029288087, 0.95073503, 1.0896938;
 -0.048214722, -0.010689918, 0.95510453]
Initial camera intrinsics #7:
K:
[456.034340405492, 0, 447.5;
 0, 456.034340405492, 335;
 0, 0, 1]
R:
[1.0920166, -0.24557225, 4.7145448;
 -0.012942934, 1.0593472, -0.11342235;
 0.024960691, -0.10198445, 1.0460222]
Initial camera intrinsics #8:
K:
[456.034340405492, 0, 447.5;
 0, 456.034340405492, 335;
 0, 0, 1]
R:
[1.0483043, -0.26704243, 3.0479429;
 -0.02513054, 1.0638585, -0.050493091;
 0.014720652, -0.10980089, 1.0203148]
Initial camera intrinsics #9:
K:
[456.034340405492, 0, 447.5;
 0, 456.034340405492, 335;
 0, 0, 1]
R:
[1.0069963, 0.011467239, 1.499644;
 -0.024637729, 0.990807, -0.0034813518;
 0.013265785, 0.0090348972, 1]
Initial camera intrinsics #10:
K:
[456.034340405492, 0, 447.5;
 0, 456.034340405492, 335;
 0, 0, 1]
R:
[1, 0, 0;
 0, 1, 0;
 0, 0, 1]
Initial camera intrinsics #11:
K:
[456.034340405492, 0, 447.5;
 0, 456.034340405492, 335;
 0, 0, 1]
R:
[1.0028684, 0.019767758, -1.6174436;
 -0.0057535847, 1.0091791, -0.0017782513;
 -0.0027630217, -0.01075082, 1.0045735]
Initial camera intrinsics #12:
K:
[456.034340405492, 0, 447.5;
 0, 456.034340405492, 335;
 0, 0, 1]
R:
[0.90853506, 0.0046647657, -2.9977922;
 0.010774859, 0.98891377, 0.011020569;
 0.027217234, -0.0061785113, 0.96303558]
Initial camera intrinsics #13:
K:
[456.034340405492, 0, 447.5;
 0, 456.034340405492, 335;
 0, 0, 1]
R:
[1.13665, -0.57166755, 4.3288827;
 -0.12356182, 0.67749172, -1.202706;
 0.028613552, 0.17291827, 0.61857891]
Initial camera intrinsics #14:
K:
[456.034340405492, 0, 447.5;
 0, 456.034340405492, 335;
 0, 0, 1]
R:
[0.81146646, -0.69681811, 3.0798652;
 0.019752746, 0.76257509, -1.1941224;
 -0.036473013, 0.17482378, 0.68189561]
Initial camera intrinsics #15:
K:
[456.034340405492, 0, 447.5;
 0, 456.034340405492, 335;
 0, 0, 1]
R:
[0.84012067, -0.67889708, 1.7652828;
 -0.00070125365, 0.75152582, -1.1744871;
 -0.026514329, 0.17397521, 0.72714984]
Initial camera intrinsics #16:
K:
[456.034340405492, 0, 447.5;
 0, 456.034340405492, 335;
 0, 0, 1]
R:
[0.850793, -0.66206729, 0.47890452;
 -0.036506511, 0.72866088, -1.1214211;
 0.0014799854, 0.17063989, 0.72438937]
Initial camera intrinsics #17:
K:
[456.034340405492, 0, 447.5;
 0, 456.034340405492, 335;
 0, 0, 1]
R:
[0.85362613, -0.65694529, -0.92964655;
 -0.042313572, 0.71662682, -1.0325226;
 0.00049926399, 0.18085094, 0.72861999]
Initial camera intrinsics #18:
K:
[456.034340405492, 0, 447.5;
 0, 456.034340405492, 335;
 0, 0, 1]
R:
[0.84528607, -0.64234811, -2.2595763;
 -0.053357769, 0.71522105, -0.9445864;
 0.0047906325, 0.17824681, 0.72215718]
Camera #1:
K:
[2908.057255315549, 0, 1204.190724417516;
 0, 2064.857298647955, 217.0890346884678;
 0, 0, 1]
R:
[-0.29044497, 0.87484181, -0.38767725;
 0.078887656, -0.38187152, -0.92084241;
 -0.95363426, -0.29803702, 0.041898489]
Camera #2:
K:
[1705.323291938173, 0, -864.6772394432211;
 0, 1578.890693418297, 186.4261782931161;
 0, 0, 1]
R:
[-0.48778966, 0.86788934, 0.093964487;
 -0.79549658, -0.39759326, -0.45727968;
 -0.35950848, -0.29780468, 0.88434494]
Camera #3:
K:
[1223.570655237188, 0, -266.8808997657255;
 0, 1356.379359174903, 105.8077151298693;
 0, 0, 1]
R:
[-0.47902691, 0.86017227, 0.17503393;
 -0.86328351, -0.42553025, -0.27141401;
 -0.15898061, -0.28111851, 0.94641292]
Camera #4:
K:
[838.8980361719027, 0, 1428.74359413002;
 0, 1144.961095137864, 165.2217866205438;
 0, 0, 1]
R:
[-0.44676769, 0.85540366, -0.26207483;
 -0.27796063, -0.41115639, -0.8681522;
 -0.85037422, -0.31501585, 0.42145997]
Camera #5:
K:
[193.6980636124474, 0, 1517.179705185285;
 0, 547.8143895716513, 257.8806405266538;
 0, 0, 1]
R:
[-0.38674125, 0.84010726, -0.38033;
 0.013513684, -0.40721402, -0.91323274;
 -0.92208922, -0.35832447, 0.14613354]
Camera #6:
K:
[854.9993316667894, 0, 1647.245500929539;
 0, 81.66461546326713, 799.9899759074394;
 0, 0, 1]
R:
[-0.93481177, -0.15307653, 0.32045981;
 -0.33095953, 0.04820773, -0.94241267;
 0.12881261, -0.98703772, -0.095727265]
Camera #7:
K:
[777.669238588347, 0, 148.9167916743295;
 0, 119.4330589885847, 129.6598367970893;
 0, 0, 1]
R:
[-0.33125693, -0.10718858, -0.93743241;
 -0.27152854, -0.94066834, 0.20350763;
 -0.90362662, 0.32195294, 0.28249806]
Camera #8:
K:
[757.5047877651283, 0, 890.1002992961538;
 0, 118.111698520198, 115.4604927566407;
 0, 0, 1]
R:
[-0.30661494, -0.10946447, -0.94551826;
 -0.27598363, -0.94046789, 0.19837637;
 -0.91094476, 0.32177278, 0.25815099]
Camera #9:
K:
[215.9537808998155, 0, 1379.112003486334;
 0, 72.02411006429278, 177.3156764214109;
 0, 0, 1]
R:
[0.10803986, 0.064638555, -0.99204302;
 0.024144694, -0.9977603, -0.062381573;
 -0.99385333, -0.017212853, -0.10935858]
Camera #10:
K:
[169.1885491512195, 0, 858.0131519323108;
 0, -399.7754636033281, 167.2795320888399;
 0, 0, 1]
R:
[1, 0, 0;
 0, 1, -2.9802322e-08;
 2.9802322e-08, 0, 1]
Camera #11:
K:
[49.30740581989213, 0, 788.7425372346166;
 0, 331.5711015481149, 901.1909145749207;
 0, 0, 1]
R:
[-0.3720361, 0.83560872, -0.40416244;
 0.076962844, -0.40614861, -0.91056031;
 -0.92502213, -0.3698667, 0.086791098]
Camera #12:
K:
[1584.955147570316, 0, -1879.655228312501;
 0, 823.3626579147518, -1802.815818355724;
 0, 0, 1]
R:
[-0.69253373, 0.71671742, 0.081933789;
 -0.22578657, -0.32322535, 0.91899168;
 0.68514049, 0.61793321, 0.38566959]
Camera #13:
K:
[757.3709319865324, 0, 70.18786420329043;
 0, 124.1175733276562, 607.5582198069241;
 0, 0, 1]
R:
[-0.32231688, -0.47997496, -0.81592643;
 -0.0097532719, -0.86019623, 0.50986987;
 -0.9465816, 0.17229766, 0.27257445]
Camera #14:
K:
[755.1208013149176, 0, 742.9428858074805;
 0, 122.8756039366434, 591.9441305466449;
 0, 0, 1]
R:
[-0.36667201, -0.47930053, -0.79738492;
 0.018427268, -0.86065376, 0.50885719;
 -0.93016779, 0.17189008, 0.32440981]
Camera #15:
K:
[801.5500133883844, 0, 1426.762727905688;
 0, 125.4452761191337, 579.9362717558121;
 0, 0, 1]
R:
[-0.39677319, -0.47769147, -0.78382522;
 0.042899892, -0.86263472, 0.50400484;
 -0.91691369, 0.16634962, 0.36276323]
Camera #16:
K:
[1002.636042691605, 0, 2194.624047919282;
 0, 139.8997978293298, 583.9673255105649;
 0, 0, 1]
R:
[-0.45293674, -0.47722802, -0.75306153;
 0.080739185, -0.86315811, 0.49843669;
 -0.88787913, 0.16495866, 0.42948699]
Camera #17:
K:
[5066.669230119681, 0, -498.9381706519432;
 0, 317.3699189570404, 567.301378316568;
 0, 0, 1]
R:
[-0.82376277, -0.47754371, 0.30555993;
 0.50615382, -0.86227685, 0.01693888;
 0.2553882, 0.16861403, 0.95202208]
Camera #18:
K:
[4649.134125904007, 0, -521.0098407176542;
 0, 302.6745267125272, 566.367392789115;
 0, 0, 1]
R:
[-0.76530635, -0.48076349, 0.42798671;
 0.49950472, -0.86295527, -0.076178193;
 0.4059571, 0.15548176, 0.90056884]
Warping images (auxiliary)...
Camera R before warp: 1
R:
[0.82121348, -0.40123248, 0.40573493;
 -0.19424182, 0.4720152, 0.85992551;
 -0.53654301, -0.78499323, 0.30968919]
Camera R before warp: 2
R:
[0.72052777, -0.39374387, -0.57079375;
 0.69019371, 0.48661265, 0.53557533;
 0.066875994, -0.77985513, 0.62237746]
Camera R before warp: 3
R:
[0.59487975, -0.3944217, -0.70039248;
 0.77448004, 0.51449376, 0.36807209;
 0.21517195, -0.76139861, 0.61153352]
Camera R before warp: 4
R:
[0.92672706, -0.37118065, 0.058324724;
 0.14518473, 0.49692044, 0.85556507;
 -0.34655184, -0.7844075, 0.51439941]
Camera R before warp: 5
R:
[0.88290763, -0.33236897, 0.3316699;
 -0.14024211, 0.48745745, 0.86181062;
 -0.44811404, -0.80741322, 0.38376787]
Camera R before warp: 6
R:
[0.66635996, 0.74499458, -0.030781191;
 0.21006228, -0.14795992, 0.96642733;
 0.71542877, -0.6504544, -0.25508979]
Camera R before warp: 7
R:
[0.87389028, 0.018273011, 0.48577979;
 0.15024939, 0.94021231, -0.30565709;
 -0.46232125, 0.3400988, 0.81889683]
Camera R before warp: 8
R:
[0.86091185, 0.020057976, 0.50835872;
 0.15740956, 0.93969035, -0.30365193;
 -0.48379037, 0.34143811, 0.8058331]
Camera R before warp: 9
R:
[0.55813724, 0.11812188, 0.82129794;
 -0.089241602, 0.9926194, -0.082115196;
 -0.82493573, -0.027462367, 0.56455916]
Camera R before warp: 10
R:
[-0.74682647, -0.15561514, -0.64655566;
 0.13598163, -0.98742843, 0.080587253;
 -0.65096802, -0.027735025, 0.75859845]
Camera R before warp: 11
R:
[0.86394811, -0.32171246, 0.38742089;
 -0.20113033, 0.48486361, 0.85114872;
 -0.46167132, -0.81327033, 0.35419083]
Camera R before warp: 12
R:
[0.10935685, -0.88449299, -0.45355618;
 0.18398978, 0.46641982, -0.86521697;
 0.97682595, 0.011167705, 0.21374382]
Camera R before warp: 13
R:
[0.85425025, 0.38091755, 0.35377747;
 -0.1104809, 0.79799938, -0.59244496;
 -0.50798684, 0.46701065, 0.72377527]
Camera R before warp: 14
R:
[0.87237811, 0.38074857, 0.30657327;
 -0.14301592, 0.79851002, -0.58474648;
 -0.4674432, 0.4662751, 0.75105566]
Camera R before warp: 15
R:
[0.88248056, 0.38343737, 0.27240407;
 -0.17020598, 0.80023849, -0.57502043;
 -0.43847245, 0.46107963, 0.77145815]
Camera R before warp: 16
R:
[0.89976418, 0.38407204, 0.20715475;
 -0.21286696, 0.80070615, -0.55996192;
 -0.38093573, 0.45973724, 0.80220294]
Camera R before warp: 17
R:
[0.37131995, 0.38180724, -0.84637141;
 -0.59122628, 0.80008763, 0.10154542;
 0.71594208, 0.46269128, 0.52282292]
Camera R before warp: 18
R:
[0.2313467, 0.3928082, -0.89004523;
 -0.56457782, 0.79926139, 0.20599318;
 0.79229462, 0.454844, 0.40667728]
Warping images, time: 0.500753 sec
Compositing...
Compositing image #1
Multi-band blender, number of bands: 7
Compositing image #2
Compositing image #3
Compositing image #4
Compositing image #5
Compositing image #6
Compositing image #7
Compositing image #8
Compositing image #9
Compositing image #10
Compositing image #11
Compositing image #12
Compositing image #13
Compositing image #14
Compositing image #15
Compositing image #16
Compositing image #17
Compositing image #18
Compositing, time: 1.98696 sec
Finished, total time: 194.529 sec
